[-0.30034632 -0.1005807 ]
[-0.26713447 -0.10083888]
[-0.2821011  -0.11178228]
[-0.27349912 -0.1125693 ]
[-0.34679906 -0.12629649]
[-0.16745979 -0.03524032]
[-0.1919055  -0.02413219]
[-0.08089506 -0.00626975]
[-0.02966167  0.06276617]
[-0.14887835 -0.10962055]
[-0.15393338 -0.01706568]
[-0.16969631  0.0027067 ]
[-0.16960091 -0.05715079]
[-0.17103676 -0.06729391]
[0.00656803 0.07745488]
[0.00309246 0.02216497]
[0.00492663 0.04766564]
[-0.02444376  0.04577552]
[-0.00643771  0.03463988]
[-0.00890149  0.02472958]
[0.04801334 0.1517396 ]
[-0.18267428 -0.06320111]
[-0.17950213 -0.09388972]
[0.10060095 0.01413038]
[-0.19719855 -0.10759812]
[0.17092112 0.14599993]
[-0.04605584  0.05148926]
[-0.11287755  0.04013232]
[-0.13471363 -0.0791488 ]
[-0.19966254 -0.0796153 ]
[0.10110511 0.40338591]
[0.08573954 0.34173992]
[0.04800691 0.07843276]
[-0.08240884 -0.06176631]
[0.09914927 0.03381444]
[0.11872528 0.0325012 ]
[-0.01894209  0.07089384]
[-0.09005489 -0.05329423]
[-0.09115369 -0.06409083]
[-0.00486966  0.32255383]
[ 0.29319218 -0.02695196]
[0.12240955 0.22037386]
[0.08642315 0.05226665]
[0.07980044 0.04907356]
[-0.11679142  0.0014969 ]
[0.01292422 0.19377836]
[-0.1387534  -0.09792651]
[-0.14709524 -0.06833165]
[-0.08192373 -0.02780198]
[-0.08391312 -0.06472217]
[ 0.00569258 -0.08351754]
[-0.06919022 -0.03971717]
[-0.08685469 -0.06436002]
[-0.082342   -0.06832763]
[-0.07625109 -0.03748409]
[-0.07718284 -0.05780891]
[0.17432367 0.00072586]
[0.13248995 0.03347613]
[0.06198267 0.16872286]
[0.07929209 0.18971886]
[0.035429   0.19813657]
[0.05653607 0.20360253]
[-0.02231193 -0.06166116]
[-0.11304426 -0.02793286]
[-0.10124327 -0.00406975]
[-0.02365706  0.11392633]
[0.04305293 0.13845457]
[ 0.01765274 -0.00784872]
[-0.1259117  -0.03099538]
[-0.00606036 -0.02091421]
[0.23535133 0.0175231 ]
[-0.17516225  0.0007654 ]
[-0.20261653 -0.14283099]
[-0.156529   -0.06712514]
[0.00626135 0.09625213]
[-0.07133593  0.05907636]
[-0.03160673  0.18467884]
[ 0.01029114 -0.04580264]
[-0.07140149  0.04647478]
[-0.10597567  0.03398746]
[-0.41537539 -0.22444079]
[-0.35047132 -0.09375431]
[0.03016828 0.16197309]
[ 0.16638575 -0.02260206]
[0.16347127 0.01613619]
[0.0231275  0.08912316]
[0.00736969 0.07424666]
[0.07591473 0.06758169]
[0.08879727 0.0291914 ]
[0.05416843 0.05624655]
[-0.00881345  0.07665063]
[0.1406393  0.02299066]
[ 0.10368169 -0.00205615]
[0.1131166  0.35338117]
[0.04098246 0.35232119]
[-0.05866913 -0.02939825]
[-0.09653329 -0.03626698]
[-0.09338595 -0.04418289]
[-0.1417843  -0.04896212]
[-0.03342662  0.00508054]
[-0.09193826 -0.01995502]
[-0.0507108  -0.03247171]
[-0.06491301  0.00176409]
[-0.1047458  -0.00456342]
[-0.07447807 -0.00479613]
[-0.04922652 -0.00565179]
[-0.00586442  0.49294631]
[-0.13087753 -0.03603809]
[-0.19354354 -0.0260138 ]
[-0.07860572  0.04465845]
[-0.14055773 -0.00531062]
[ 0.25859709 -0.02237628]
[ 0.27810053 -0.03076018]
[-0.02305032  0.16342065]
[0.01478905 0.12785007]
[-0.04356404 -0.02619021]
[-0.03362728  0.0202641 ]
[-0.01461418  0.10239746]
[-0.07090025  0.10995903]
[-0.15248045 -0.0304468 ]
[-0.08068425  0.07363644]
[-0.14896798 -0.0303147 ]
[-0.00661618  0.05115644]
[-0.00218144 -0.01081616]
[-0.08319936  0.00470253]
[0.13042499 0.23355199]
[-0.15830758 -0.06171735]
[-0.08250275  0.01453279]
[-0.14553098 -0.13044522]
[-0.06943708  0.00457104]
[-0.04662961  0.01541193]
[-0.03869626  0.06655094]
[-0.06129684  0.00709716]
[-0.08813499 -0.03954559]
[0.01836148 0.12794798]
[-0.05271181 -0.01567136]
[0.03442626 0.11514555]
[0.04323456 0.08469328]
[-0.01121773  0.07082771]
[0.00526902 0.08815096]
[0.00686413 0.08144679]
[0.00973597 0.06650584]
[-0.08709697  0.01191421]
[-0.00295343 -0.07402605]
[ 0.00358458 -0.07818994]
[-0.14149879 -0.05901045]
[-0.13247764 -0.05744223]
[-0.13178222 -0.05137132]
[-0.12019638 -0.053256  ]
[-0.12759694 -0.09446554]
[-0.18907526 -0.07070321]
[-0.02840567  0.03243128]
[-0.16143    -0.06416069]
[-0.06308218  0.04007147]
[-0.33603283 -0.17312292]
[-0.1227234  -0.03185104]
[-0.1112698  -0.09471762]
[-1.11900763e-01  1.01138238e-04]
[-0.12320294 -0.04083777]
[-0.11315198 -0.0704907 ]
[0.09882587 0.50092363]
[-0.25378106 -0.10418449]
[ 0.01838072 -0.04166726]
[-0.09698001 -0.01343344]
[-0.19345644 -0.07209828]
[-0.22191739 -0.06787149]
[-0.14073968 -0.05614338]
[0.05443578 0.04282899]
[-0.10097733  0.01494763]
[-0.10532874 -0.00598321]
[-0.20107356 -0.05317475]
[0.0581759  0.14017787]
[-0.28981616 -0.11056695]
[-0.11156853  0.17198917]
[-0.10201372  0.15359483]
[-0.09985628 -0.03960155]
[-0.08188638  0.0890836 ]
[-0.11563871 -0.03377111]
[0.06108032 0.14414778]
[0.19108665 0.06722705]
[-0.05387972  0.11986234]
[0.12504594 0.37752611]
[-0.09612483  0.04375201]
[-0.1226126  -0.04831038]
[-0.10212331 -0.05239882]
[-0.09141136 -0.02394516]
[-0.1354432  -0.04844722]
[-0.17484482 -0.05071098]
[-0.07435111  0.11054577]
[0.11729671 0.03729772]
[0.00085322 0.08205091]
[-0.05364765  0.18425055]
[-0.09923782 -0.09670653]
[-0.23221322 -0.09224624]
[-0.23447936 -0.09278848]
[ 0.08541802 -0.11049673]
[ 0.10337413 -0.11457671]
[-0.06614378  0.03664715]
[-0.1523122  -0.02272616]
[-0.12587447  0.00866946]
[-0.08724188 -0.01889853]
[0.03969738 0.13166663]
[-0.05281161  0.09847122]
[-0.0302426   0.23865707]
[-0.06636466  0.05268156]
[-0.0850082   0.05443363]
[-0.07820571  0.11295681]
[ 0.14691335 -0.04249459]
[ 0.1313971  -0.04274293]
[-0.04044394  0.12857555]
[-0.05643628  0.0710896 ]
[-0.05824753  0.06529923]
[-0.03655621  0.11256447]
[-0.02920446  0.08743945]
[-0.03332906  0.1042687 ]
[-0.05305248  0.06926511]
[-0.04968521  0.08858731]
[-0.0679094   0.07112097]
[-0.12374042 -0.04451853]
[-0.10873677 -0.03953365]
[-0.14641741 -0.03863825]
[-0.14807475 -0.04041265]
[-0.06571678  0.09512873]
[-0.02765397  0.18263818]
[0.0193562  0.25681462]
[0.00695215 0.27804358]
[0.01848337 0.26802705]
[0.01312232 0.28524133]
[-0.13723301 -0.04581913]
[0.01832477 0.01293202]
[-0.22277774 -0.03334342]
[-0.16182825 -0.00861152]
[-0.23213436 -0.06987948]
[-0.08210499  0.19391821]
[-0.09178256  0.01420742]
[-0.05083535  0.08023552]
[-0.16505795 -0.03217646]
[-0.22441288 -0.05140607]
[-0.12007296 -0.02067659]
[-0.08975545  0.07018769]
[-0.11596516  0.04059486]
[-0.18538414 -0.02567208]
[-0.10787379 -0.05424929]
[-0.05887233  0.24733004]
[0.05810602 0.11301038]
[0.03546494 0.14003136]
[0.18820811 0.06319352]
[-0.09906646 -0.01868676]
[-0.05890642 -0.04769652]
[ 0.15793114 -0.03987984]
[ 0.15974381 -0.03950169]
[ 0.16105821 -0.04007422]
[-0.07800487  0.0288625 ]
[-0.16449863 -0.02836931]
[ 0.18347547 -0.04323336]
[ 0.18043782 -0.04237885]
[ 0.1799923  -0.04175467]
[ 0.18215491 -0.04185886]
[ 0.18141618 -0.03948358]
[ 0.17669353 -0.04027197]
[ 0.18299893 -0.03447318]
[ 0.18721216 -0.04522365]
[ 0.18961001 -0.0442033 ]
[ 0.1852666 -0.041639 ]
[ 0.18637828 -0.04025835]
[ 0.1832781  -0.03164452]
[ 0.1859892  -0.04424839]
[ 0.18166679 -0.04463863]
[ 0.17781943 -0.0270261 ]
[ 0.18937315 -0.03893233]
[ 0.18172962 -0.0465451 ]
[ 0.18243718 -0.04250407]
[ 0.18387959 -0.04446563]
[ 0.18531562 -0.04339641]
[ 0.18995534 -0.04523506]
[ 0.18943739 -0.03954208]
[ 0.18764735 -0.0374979 ]
[ 0.1788628  -0.03794283]
[ 0.18271256 -0.03103364]
[ 0.18313299 -0.04199275]
[ 0.18665243 -0.03971978]
[ 0.18598895 -0.04304447]
[ 0.1865814  -0.04144182]
[ 0.18645667 -0.04453272]
[ 0.18847982 -0.04000925]
[ 0.18238967 -0.04005932]
[ 0.18455217 -0.02764184]
[ 0.18329239 -0.02907377]
[ 0.18621707 -0.03909971]
[ 0.18082094 -0.0340219 ]
[ 0.18584226 -0.0382394 ]
[ 0.18356244 -0.04731386]
[-0.18471823 -0.04037198]
[-0.07184382  0.0376422 ]
[-0.25461644 -0.06232065]
[0.04258697 0.04509408]
[-0.01900216  0.06991423]
[-0.12647558 -0.01827857]
[-0.1901159  -0.04506552]
[ 0.13911946 -0.03246194]
[-0.0888945   0.12815255]
[-0.23628888 -0.08196491]
[-0.12795033 -0.03320294]
[-0.04557648  0.01051513]
[-0.06244925  0.00558841]
[-0.14352231 -0.04044088]
[-0.18912721 -0.0716035 ]
[-0.17056375 -0.0916009 ]
[-0.06721317  0.03554218]
[ 0.14519798 -0.00455568]
[-0.21281485 -0.08093151]
[-0.19256207 -0.05310418]
[-0.14509467  0.02099308]
[0.16865696 0.15414612]
[-0.2206275  -0.18514832]
[-0.11309047  0.04145587]
[-0.12992824 -0.04260158]
[-0.12778418 -0.04540368]
[0.05541793 0.29705242]
[ 0.36763963 -0.04540278]
[-0.29537906 -0.14190812]
[-0.23403212 -0.12763887]
[-0.29513391 -0.18319738]
[-0.34727478 -0.21538506]
[-0.10276617 -0.01620018]
[ 0.20226966 -0.01178624]
[-0.02336864  0.17468635]
[-0.02503972  0.16132582]
[-0.00543883  0.19537327]
[-0.09642397 -0.03755935]
[-0.05771991 -0.06059938]
[0.10372168 0.05548264]
[-0.13183029 -0.05997861]
[-0.13066635 -0.06903788]
[-0.15656738 -0.07645092]
[-0.13805038 -0.07259421]
[-0.12444507 -0.07996987]
[-0.14764138 -0.08209513]
[-0.0019364   0.11679805]
[-0.1591232  -0.01344526]
[-0.15025701 -0.04072838]
[-0.1405317  -0.03642469]
[-0.12194173  0.02357564]
[-0.14066231 -0.07881786]
[-0.09161217  0.0330817 ]
[-0.03263153  0.02024494]
[-0.05654278  0.02738565]
[-0.04823644  0.01909573]
[-0.111308   0.0020738]
[-0.03386834  0.01243971]
[-0.04712783  0.05876172]
[-0.175975   -0.07381464]
[-0.16187362 -0.06600636]
[-0.13588384 -0.06569025]
[-0.09790777 -0.0897721 ]
[0.00893733 0.24894453]
[-0.00976545  0.12420042]
[-0.03161575  0.12581062]
[-0.07129955 -0.04480948]
[-0.09040732 -0.04222912]
[-0.10891231 -0.00596009]
[-0.15052133 -0.04418673]
[-0.12911124 -0.00747424]
[-0.32343827 -0.1176438 ]
[-0.1192079  -0.00232806]
[-0.15817205 -0.05438803]
[-0.04954976  0.012898  ]
[-0.0229434   0.24793673]
[-0.13137362 -0.06836031]
[-0.01154419  0.11649152]
[0.13144627 0.30543477]
[0.09278222 0.27773891]
[0.1023065  0.34307951]
[-0.1243334  -0.07644545]
[-0.07095548  0.06784231]
[0.07812429 0.06257043]
[-0.08470116  0.09398686]
[-0.06633651  0.09800017]
[-0.0693136   0.09203959]
[-0.02902246  0.13154482]
[-0.318423   -0.12302485]
[-0.25954187 -0.12547676]
[-0.26669013 -0.107734  ]
[-0.11577317  0.02151501]
[0.02377978 0.17386891]
[-0.10768473 -0.07697879]
[-0.1577058  -0.08832819]
[-0.05396367  0.0525058 ]
[0.1114163  0.00254417]
[-0.14421846 -0.06809682]
[0.08107184 0.35108969]
[0.03241708 0.32620409]
[ 0.27721925 -0.02031447]
[-0.18918714 -0.07026697]
[0.05482177 0.23360592]
[0.14918849 0.01077791]
[-0.11352102  0.00925588]
[-0.21949375 -0.08920387]
[0.07349633 0.26763198]
[-0.04191484  0.01078409]
[-0.04776439  0.14612049]
[-0.17925208 -0.05854722]
[-0.12473895 -0.03777567]
[-0.10960358  0.08647313]
[-0.07204329 -0.0183606 ]
[-0.05994582  0.01183597]
[-0.00436368  0.07891486]
[-0.01499431  0.06603109]
[-0.13276839 -0.03424789]
[-0.12417249 -0.03991818]
[-0.09083488 -0.04135936]
[-0.14554573 -0.0434108 ]
[-0.08858168 -0.05064431]
[-0.09396889 -0.03027362]
[-0.13848534 -0.03788538]
[-0.09974105 -0.03650772]
[-0.14443119 -0.03299109]
[ 0.04644518 -0.05622211]
[ 0.05150558 -0.06977677]
[-0.21773717 -0.06681536]
[-0.2151443  -0.04750874]
[ 0.1884833  -0.03740561]
[-0.09606525 -0.11155734]
[-0.09151194 -0.11191859]
[-0.23995535 -0.09449807]
[-0.27531517 -0.09158057]
[-0.11056241 -0.07575478]
[-0.07594903  0.00509457]
[0.15737518 0.07268459]
[0.0066945  0.13693126]
[0.20194717 0.00425668]
[0.05232097 0.18381081]
[ 0.22085932 -0.00169118]
[-0.04742477  0.1321493 ]
[ 0.16789245 -0.05168574]
[-0.05098643  0.0570497 ]
[0.03258087 0.13043916]
[-0.04494359  0.06532401]
[-0.23748863 -0.09501441]
[-0.15384377 -0.03015346]
[-0.03468271  0.09862008]
[0.04712388 0.32608758]
[-0.01236366 -0.02531829]
[0.02402626 0.1598888 ]
[-0.03608452  0.05645221]
[-0.10461183 -0.01597432]
[ 0.04209317 -0.05791775]
[0.02694114 0.19789779]
[0.00601549 0.24210808]
[-0.14786863 -0.03979229]
[-0.04110165  0.02697062]
[-0.12894356 -0.04921226]
[-0.11825269 -0.02280171]
[0.03489846 0.03803794]
[-0.04986421 -0.04219368]
[-0.0924596   0.02050055]
[-0.0808826   0.01113764]
[-0.12685655 -0.02110286]
[-0.1419992  -0.02251846]
[-0.12561854 -0.01566516]
[-0.13507707 -0.04053382]
[-0.13112409 -0.00391511]
[-0.10375263 -0.03081993]
[-0.09041889  0.00457454]
[-0.05773789  0.08128825]
[-0.06579414  0.01626853]
[ 0.01172139 -0.05339184]
[0.05507383 0.13626256]
[-0.04511366 -0.00529327]
[-0.00795347  0.16827633]
[-0.4669042  -0.11972592]
[-0.21080898 -0.09322746]
[-0.11835939  0.04212988]
[-0.11361973  0.03812772]
[-0.06662058 -0.07381673]
[-0.05167911  0.06580341]
[-0.20170753 -0.07715434]
[-0.2093745  -0.07976233]
[-0.23350104 -0.09944483]
[-0.19671709 -0.0815554 ]
[-0.23308358 -0.08789272]
[-0.17718255 -0.07326679]
[-0.20218214 -0.07304608]
[-0.23300722 -0.06773944]
[-0.21056009 -0.05608675]
[0.10319469 0.00340139]
[-0.14378626 -0.03013507]
[-0.11951957 -0.03817694]
[-0.06960645 -0.07998315]
[-0.1778152 -0.0804944]
[-0.12918776 -0.05467746]
[-0.16953329 -0.0818848 ]
[-0.13607246 -0.01407394]
[-0.10287784  0.01731543]
[-0.07293968  0.10401197]
[-0.10183711  0.09834708]
[-0.47529333 -0.21589373]
[-0.17579523 -0.10039179]
[-0.04363509  0.14438084]
[-0.04018391 -0.00652367]
[ 0.27292812 -0.01682832]
[-0.1947726  -0.19062148]
[ 0.14904745 -0.03691401]
[-0.05833938  0.11352416]
[-0.13221685 -0.04455951]
[-0.04001423  0.12735155]
[-0.13915188 -0.05719109]
[-0.16052625 -0.05675498]
[-0.03019172  0.133234  ]
[0.00714018 0.18119659]
[0.0119164  0.16624284]
[ 0.35565898 -0.04292793]
[-0.07771554  0.00879433]
[-0.00166465  0.29306999]
[-0.0622989   0.15911078]
[-0.1741065  -0.08984503]
[-0.17902653 -0.11493446]
[-0.62897406 -0.21438601]
[-0.08640606  0.02486456]
[-0.09009446  0.04056058]
[-0.13589162  0.02916273]
[-0.14162671 -0.06875563]
[ 0.13133357 -0.0486028 ]
[-0.19336543 -0.04571442]
[ 0.00336445 -0.04191771]
[-0.44067273 -0.1698759 ]
[-0.34719973 -0.16990688]
[-0.02080743  0.16010062]
[-0.04608832  0.01647056]
[-0.1013451   0.02322037]
[-0.19029239 -0.06861002]
[-0.08907018 -0.06880103]
[-0.1536854  -0.02930767]
[-0.16197525 -0.03373256]
[0.19135409 0.0178828 ]
[-0.11055094 -0.03590079]
[ 0.36642089 -0.04442719]
[ 0.05251268 -0.00492661]
[0.05949365 0.0095437 ]
[-0.0966448  -0.02910966]
[0.10213884 0.01422405]
[0.12994492 0.00149033]
[0.00807259 0.02985052]
[ 0.24455996 -0.01474079]
[-0.0089684   0.18553361]
[-0.0991267  -0.06857607]
[0.02016683 0.37214043]
[-0.15688968 -0.03106435]
[-0.25493345 -0.08833228]
[0.10695023 0.27025772]
[-0.12358271 -0.0044933 ]
[ 0.03787328 -0.1169874 ]
[-0.07091618  0.02422471]
[-0.13465284  0.00938333]
[-0.06189868  0.03986565]
[-0.08048778  0.09301342]
[-0.15704239 -0.07194446]
[-0.00463935  0.11243529]
[-0.15109897 -0.06084079]
[-0.17493306 -0.06411549]
[-0.11147756 -0.0459923 ]
[0.05345338 0.15040998]
[-0.18774513 -0.11585343]
[-0.17058641 -0.07526957]
[0.00102661 0.0693018 ]
[0.0136282  0.05248371]
[0.01270661 0.0675612 ]
[0.0169509  0.05440313]
[0.0122839  0.09549318]
[0.0067245 0.0629514]
[-0.19277027 -0.04087734]
[-0.04325986  0.15744256]
[-0.12689478 -0.04005237]
[-0.28806041 -0.0824803 ]
[0.02642033 0.33575709]
[0.02842344 0.35331889]
[0.00432217 0.13049132]
[-0.27569745 -0.10351662]
[-0.15347963 -0.04582515]
[0.03847289 0.14985444]
[0.02999782 0.16081145]
[0.04680925 0.18016171]
[ 0.01302828 -0.00854002]
[-0.04746252 -0.04963453]
[-0.04714196 -0.04211373]
[-0.10077466 -0.04297844]
[-0.00746057 -0.01427635]
[-0.12738261 -0.04868044]
[-0.12808388 -0.04128807]
[-0.05902618  0.01049661]
[-0.06336408 -0.06508246]
[-0.06833147 -0.06485264]
[-0.07074923 -0.06762719]
[-0.07017801 -0.06302534]
[-0.15707282 -0.05446289]
[-0.20909594 -0.0602029 ]
[-0.33117369 -0.09070292]
[-0.36825267 -0.09191605]
[ 0.18683825 -0.04601817]
[-0.40559426 -0.09517969]
[-0.29248736 -0.09952722]
[-0.11798223 -0.06771821]
[-0.1366048  -0.07495698]
[-0.14224342 -0.08119398]
[-0.15698128 -0.08676889]
[-0.12101444 -0.0478595 ]
[-0.11378116 -0.03185005]
[-0.10871658 -0.03392057]
[-0.05646001 -0.00874346]
[-0.19808682 -0.084956  ]
[ 0.02713765 -0.04864682]
[-0.18010927 -0.08871556]
[-0.07339805 -0.04322664]
[ 0.36544357 -0.04549857]
[ 0.34269988 -0.0550756 ]
[ 0.22667669 -0.02547145]
[-0.07064306 -0.00160169]
[0.01117681 0.2209136 ]
[-0.07502914  0.14747161]
[-0.08345467 -0.02434341]
[-0.17787288 -0.0482788 ]
[-0.12297871 -0.05196799]
[-0.21660369 -0.051903  ]
[-0.13126403 -0.05246978]
[-0.07428807  0.03832966]
[0.14935275 0.35425981]
[-0.19631191 -0.09314409]
[-0.20315374 -0.09559361]
[-0.1917298  -0.10293651]
[-0.03725416  0.14941935]
[0.00242671 0.30267444]
[-0.20175638 -0.09076487]
[-0.2112879  -0.12021141]
[0.01547527 0.16059521]
[0.02157099 0.16426234]
[0.01568601 0.10728957]
[0.01952286 0.12473412]
[-0.01244318  0.17972223]
[0.00553878 0.17531385]
[0.01400442 0.16914296]
[-0.12944482 -0.05628183]
[-0.10867041  0.04534452]
[-0.10103583  0.04274578]
[-0.05097924  0.03990591]
[0.17192373 0.02079765]
[-0.10560222 -0.02994831]
[-0.09352241  0.05562652]
[-0.11962993  0.04426785]
[-0.01754465  0.18892323]
[-0.38073393 -0.1471983 ]
[-0.0660854   0.07596154]
[-0.22301478 -0.10714388]
[-0.17001843 -0.08137201]
[8.98090594e-05 2.32415365e-01]
[0.09521988 0.34264216]
[0.03030488 0.06972947]
[-0.02659442 -0.00603897]
[-0.1791774  -0.05851381]
[-0.17579621 -0.07225201]
[-0.13553626  0.02535054]
[-0.01392448  0.00761247]
[-0.0795276  -0.06076559]
[-0.07282382 -0.06152417]
[-0.33985888 -0.20726464]
[-0.11344314  0.02893615]
[-0.25327896 -0.2076514 ]
[ 0.17334233 -0.03871986]
[-0.09738576 -0.02941535]
[-0.09796651 -0.02056976]
[ 0.16341826 -0.03990746]
[-0.06120426  0.08181989]
[ 0.21234187 -0.05077961]
[-0.06291848  0.03946616]
[-0.04852066  0.04710481]
[0.05187353 0.09294688]
[-0.04859016  0.08020596]
[-0.14291059 -0.07817371]
[-0.19300408 -0.02012098]
[-0.28340819 -0.14726999]
[-0.05355017 -0.02026581]
[-0.28640041 -0.0933489 ]
[-0.18448734 -0.06608261]
[-0.12414823 -0.04428365]
[-0.20457607 -0.03642913]
[-0.22842913 -0.02941774]
[ 0.05235175 -0.01801105]
[-0.06057308 -0.01700344]
[0.09838914 0.24967724]
[0.11605739 0.31003098]
[-0.26890808 -0.1624853 ]
[-0.17281033 -0.03755148]
[-0.13987575 -0.04219071]
[-0.11812798 -0.00664447]
[-0.32451127 -0.11385787]
[-0.03724158 -0.03481558]
[ 0.02105479 -0.03077895]
[-0.03345261  0.09963047]
[-0.27833147 -0.17692474]
[-0.14559691 -0.07492519]
[-0.13619991  0.01753014]
[-0.13479712  0.0105166 ]
[0.1123796  0.13125519]
[-0.0584792   0.01009499]
[-0.07813847  0.00401037]
[-0.11269369 -0.0452886 ]
[-0.19285281 -0.06027574]
[-0.20645956 -0.04620705]
[ 0.02412697 -0.03885445]
[-0.14617293 -0.09121828]
[-0.1647318  -0.09354204]
[-0.19398724 -0.12121761]
[-0.13827843  0.00393326]
[ 0.01772582 -0.06722009]
[ 0.00389052 -0.06807693]
[ 0.03582357 -0.01995596]
[-0.19154769 -0.06797243]
[-0.16262386 -0.06707754]
[-0.17288418 -0.07792256]
[-0.19686893 -0.07742188]
[-0.0755617  -0.06346829]
[-0.11656647  0.06066688]
[-0.0917046  -0.02533191]
[-0.18467477 -0.11337855]
[-0.18691251 -0.05654588]
[-0.21873994 -0.07394539]
[-0.10752979  0.02866047]
[-0.20021645 -0.09986158]
[-0.21241246 -0.11303865]
[-0.08074372 -0.02991125]
[0.00360331 0.09726458]
[0.02397027 0.0537244 ]
[0.02991418 0.07476419]
[-0.2028033  -0.06502715]
[-0.15395762 -0.0095799 ]
[-0.18544555 -0.01051042]
[-0.15756425 -0.04594851]
[-0.07244151 -0.03164889]
[-0.04931698 -0.05862725]
[-0.11236468 -0.03349516]
[-0.03928903  0.06797304]
[-0.02300499 -0.05397971]
[-0.0217994  -0.15763618]
[-0.09111042 -0.01002207]
[0.08128711 0.34255279]
[-0.10505839  0.02066818]
[-0.05543185 -0.00186081]
[-0.13347847 -0.05020147]
[-0.09294313  0.04719677]
[-0.0906548   0.04448302]
[-0.08700137  0.02982691]
[ 0.36733071 -0.04546523]
[ 0.36302769 -0.04562606]
[ 0.36683384 -0.04553101]
[ 0.36874402 -0.0452927 ]
[-0.06024199  0.06012204]
[0.06098259 0.24071725]
[-0.13837389 -0.03304573]
[-0.00838376  0.1522275 ]
[-0.21771593 -0.05620271]
[-0.06862772  0.00861677]
[-0.20456836 -0.07202742]
[-0.08307072 -0.12921056]
[-0.06781784 -0.02214538]
[-0.19234848 -0.08757247]
[-0.1700395 -0.0245305]
[-0.19070225 -0.02165123]
[-0.18665469 -0.09981528]
[-0.18411987 -0.09956826]
[-0.25835654 -0.09111805]
[-0.10190495  0.13725282]
[-0.24374447 -0.03900819]
[ 0.0196248  -0.01251121]
[-0.12994193 -0.03717235]
[-0.10566177 -0.02860396]
[-0.15336445  0.00772444]
[0.14616417 0.11805903]
[ 0.1500789  -0.02548651]
[0.12912633 0.16117555]
[-0.12672437 -0.03171266]
[0.07316304 0.06960501]
[0.03728864 0.1780835 ]
[-0.09829562  0.02704566]
[-0.11152013  0.03888275]
[-0.06573752  0.02188693]
[-0.08732294  0.02764213]
[-0.08021775  0.02565237]
[-0.11397174  0.01904847]
[-0.15717689 -0.02772385]
[-0.09005674  0.06536422]
[-0.13806457 -0.07315882]
[-0.05997221  0.05235655]
[-0.21992517 -0.09568432]
[-0.135835   -0.03268777]
[-0.02978811 -0.12109552]
[-0.28551529 -0.07317837]
[-0.03567342  0.03781438]
[0.12971847 0.12980772]
[-0.13846111 -0.03093891]
[-0.22381321 -0.03825317]
[-0.15938311 -0.04072076]
[-0.2138979  -0.04035435]
[-0.1612726  -0.03964086]
[-0.18844324 -0.04656887]
[-0.11079097 -0.01372173]
[-0.10209852 -0.02031337]
[0.09210301 0.07690667]
[ 0.25856277 -0.0236209 ]
[-0.15358858 -0.06538353]
[-0.13929406 -0.06147409]
[-0.17077537 -0.08138842]
[-0.15618501 -0.06660127]
[0.0569332  0.12959819]
[-0.1807359  -0.07016367]
[-0.20066651 -0.06999856]
[-0.16819769 -0.05019888]
[-0.06911182 -0.00942386]
[-0.13660598 -0.00915464]
[-0.1037288  -0.02830535]
[-0.10633426  0.00691724]
[-0.06032127  0.03793984]
[0.00760925 0.25850476]
[0.09424497 0.33824105]
[-0.04722416  0.1068479 ]
[-0.14812439 -0.03906137]
[0.02747138 0.12739358]
[-0.12353092 -0.02964847]
[-0.16229797 -0.06801392]
[-0.08550762  0.03288811]
[-0.17253834 -0.09042562]
[0.0481801 0.1937229]
[0.05236414 0.21937028]
[ 0.36486756 -0.04553129]
[ 0.36129987 -0.04556287]
[ 0.36842046 -0.04532751]
[-0.07610611 -0.04070247]
[-0.076749   0.0116914]
[-0.06777199  0.0811362 ]
[-0.13206408 -0.03566658]
[-0.1134748  -0.07494315]
[-0.13688877 -0.05745883]
[-0.16994834 -0.07358446]
[-0.23486889 -0.13935278]
[0.01428219 0.14587982]
[0.02586448 0.14637997]
[ 0.25791178 -0.0077675 ]
[-0.14701499 -0.01316027]
[-0.09097266  0.03164327]
[-0.06504356  0.02374157]
[-0.3668654  -0.15831154]
[-0.02820976  0.23250007]
[0.18428013 0.12317527]
[0.08739803 0.33315872]
[-0.03046739 -0.05122848]
[-0.11290913 -0.04386763]
[-0.10884999 -0.04781751]
[ 0.15394246 -0.01365807]
[-0.01422025  0.07080212]
[-0.25288367 -0.05547551]
[-0.11313039  0.05706673]
[-0.0092835  -0.02205297]
[0.0125525  0.10130651]
[ 0.15776669 -0.00017181]
[-0.02193671 -0.00813983]
[0.02802957 0.25354205]
[0.18050636 0.01416482]
[-0.0950165  -0.03550168]
[-0.1286877  -0.03534911]
[-0.22063845 -0.05648524]
[-0.13607582 -0.02474128]
[-0.01247456 -0.05370885]
[-0.04751659 -0.04135008]
[-0.15775989 -0.05569063]
[-0.01114424  0.04866645]
[-0.00633368  0.04744779]
[-0.01153965  0.04626345]
[0.17821102 0.11889466]
[-0.12539386  0.15219487]
[-0.11908649  0.01090495]
[-0.08110479  0.01470697]
[-0.14017865 -0.02517093]
[-0.17351505 -0.08578808]
[-0.23233086 -0.06971489]
[-0.06574986  0.01889708]
[-0.15843978 -0.03166486]
[0.00468032 0.07065074]
[ 0.00598    -0.10971888]
[-0.20702193 -0.08391127]
[-0.18351641 -0.02750775]
[-0.17931865 -0.13277567]
[-0.09575353  0.02014509]
[ 0.15584733 -0.0025197 ]
[-0.0566605  -0.04783032]
[-0.0814029   0.00582672]
[0.02111272 0.08190258]
[0.0897048  0.29914139]
[0.02067818 0.25938821]
[0.12211572 0.11074955]
[ 0.06355573 -0.0214047 ]
[-0.06502797  0.08288269]
[-0.04898078  0.02329354]
[-0.09112939  0.02848138]
[-0.08452033  0.0087443 ]
[-0.08824642  0.00973211]
[-0.08567442  0.09801853]
[0.00868659 0.17920962]
[-0.22485526 -0.04834506]
[-0.10651389  0.02211228]
[-0.06041624  0.06575277]
[-0.18819814 -0.09186207]
[-0.197718   -0.10763363]
[-0.03733036 -0.02020793]
[-0.17589362 -0.04369985]
[-0.14692173 -0.04130739]
[0.06848715 0.10377697]
[-0.2122482  -0.12919788]
[-0.17622824 -0.12288019]
[ 0.24672953 -0.0285019 ]
[-0.1070515  -0.03030539]
[-0.10417473 -0.02473988]
[-0.11203899 -0.02840547]
[-0.1096473  -0.03115222]
[-0.08547376 -0.03985248]
[-0.11186583 -0.06159561]
[-0.10798454 -0.04109762]
[-0.09575778 -0.02995173]
[-0.08618675 -0.0282871 ]
[-0.1019375  -0.03057245]
[ 0.00022134 -0.05067954]
[ 0.1373625  -0.10004683]
[-0.052743    0.02119303]
[-0.11182433 -0.0757635 ]
[-0.10507928 -0.04359609]
[-0.09797923 -0.04504108]
[-0.11023775 -0.07504284]
[-0.11928321 -0.04297568]
[-0.10536613 -0.04576982]
[-0.11774279 -0.04332225]
[-0.01734663  0.10514284]
[-0.22006773 -0.03965768]
[-0.09993881 -0.01831172]
[-0.16875914  0.03964469]
[-0.21922289 -0.05168574]
[-0.18424638 -0.0521986 ]
[-0.15797437 -0.05944939]
[ 0.22965673 -0.02512055]
[ 0.21531399 -0.02693851]
[-0.1449423 -0.0668907]
[ 0.02389964 -0.05567928]
[0.00879055 0.23230868]
[-0.2940948  -0.07955024]
[ 0.00341321 -0.05975661]
[-0.12503748  0.07146122]
[-0.21597739 -0.06552789]
[-0.14314157 -0.02998194]
[-0.22439244 -0.07593257]
[-0.19669917 -0.05208595]
[-0.17898892 -0.05465466]
[-0.17980811 -0.0634535 ]
[ 0.00143943 -0.03411293]
[0.15516907 0.14726552]
[-0.06301779  0.07497136]
[0.00321392 0.13981081]
[-0.19784353 -0.10430149]
[-0.03421406  0.09933463]
[0.101079   0.01979241]
[0.1153528  0.02262301]
[-0.12791039 -0.00953297]
[-0.19772735 -0.1098815 ]
[-0.17462719 -0.08638387]
[0.00073225 0.17455779]
[-0.14591244 -0.04371005]
[-0.12639353 -0.07529995]
[-0.02354343  0.11706311]
[-0.28587468 -0.0828732 ]
[-0.14822458  0.00859809]
[-0.13458498 -0.03084674]
[-0.10722388 -0.04119779]
[-0.10478767  0.01442737]
[-0.32412964 -0.13027007]
[0.03753202 0.16592317]
[-0.13440683 -0.04848895]
[-0.06513936  0.10050916]
[-0.13962071 -0.05268845]
[-0.18469938 -0.05909973]
[-0.12729219 -0.01877605]
[-0.18512961 -0.05835747]
[-0.17021037 -0.05613522]
[-0.20575022 -0.05695962]
[-0.19401035 -0.05729758]
[-0.18140127 -0.05553386]
[-0.17970782 -0.0546497 ]
[-0.15890619 -0.05624179]
[-0.16105576 -0.049567  ]
[-0.14688017 -0.0433093 ]
[-0.12468746 -0.04452934]
[-0.12894081 -0.0461234 ]
[-0.13055317 -0.0461307 ]
[-0.17154988 -0.04442033]
[-0.2183584  -0.06788889]
[-0.14853712 -0.05521339]
[-0.13623935 -0.05705468]
[-0.18665105 -0.05191716]
[-0.0082178   0.16233583]
[0.07656943 0.1613437 ]
[-0.12254724 -0.0228093 ]
[-0.15618723 -0.02426864]
[-0.0223287   0.05501844]
[0.0567351  0.25428746]
[-0.19482413 -0.09254198]
[-0.17318638 -0.09177668]
[-0.18984248 -0.0933425 ]
[-0.19779863 -0.09190083]
[-0.03601528  0.11077197]
[-0.13239908 -0.07683852]
[-0.2296311  -0.04567845]
[0.00867392 0.1728816 ]
[-0.33812963 -0.26249437]
[-0.11914641 -0.04884413]
[-0.1573901  -0.14086266]
[0.11889123 0.1862612 ]
[-0.01650557 -0.02111966]
[-0.17554931 -0.07875837]
[-0.13103919 -0.03335803]
[0.07149628 0.0979679 ]
[-0.13366532 -0.03901166]
[-0.14788335 -0.10236653]
[-0.12602326 -0.0266725 ]
[-0.1926746  -0.09288752]
[-5.55297061e-02  3.08173273e-05]
[0.02864652 0.10579797]
[-0.19125725 -0.03292626]
[0.10261912 0.14851061]
[0.03204309 0.24106639]
[-0.27728491 -0.07966037]
[-0.30039924 -0.08124351]
[-0.16257314 -0.07789522]
[-0.11374692  0.01993022]
[-0.23131641 -0.08428902]
[-0.10660821 -0.02913573]
[-0.00313103  0.08129323]
[-0.08666987 -0.0299871 ]
[0.02769563 0.08270358]
[-0.12973527 -0.01764042]
[-0.26153692 -0.11895596]
[-0.04441008 -0.10469615]
[-0.13150042 -0.02168175]
[-0.25455629 -0.08379829]
[-0.1594957  -0.04208387]
[0.0193483  0.11499225]
[0.00607018 0.09690354]
[-0.07958713  0.01811983]
[-0.13171352 -0.05607995]
[-0.18367284 -0.05009256]
[ 0.05177778 -0.11080947]
[ 0.36763506 -0.04481862]
[ 0.34327261 -0.04249374]
[ 0.35846725 -0.04587877]
[ 0.33439819 -0.04610857]
[ 0.34813815 -0.04591713]
[ 0.00321728 -0.00327536]
[-0.05575789  0.00334096]
[-0.05844428  0.0215555 ]
[-0.04089021  0.00461512]
[-0.06117974  0.06832649]
[-0.03265952  0.10639631]
[-0.00559172  0.20125499]
[-0.1006466  -0.03157696]
[-0.08035861 -0.04327493]
[-0.12747168 -0.01337717]
[-0.08764616 -0.04504158]
[-0.19539492 -0.00724413]
[-0.1829544   0.00362445]
[ 0.17728792 -0.03718319]
[-0.20657321 -0.04783352]
[-0.25822887 -0.10926636]
[-0.15699387 -0.02165562]
[-0.19107881 -0.07598969]
[-0.06437054 -0.07222044]
[-0.06479302 -0.071838  ]
[-0.10805227 -0.01928642]
[0.02484115 0.09352773]
[-0.04289282  0.03813201]
[-0.02175392  0.05036649]
[-0.16970902 -0.01638027]
[-0.15775529 -0.04627918]
[0.03589058 0.12650083]
[-0.029151   -0.00278127]
[-0.0827516  -0.00907319]
[-0.11446897 -0.03556744]
[-0.06041502 -0.0137774 ]
[-0.30047549 -0.09244407]
[-0.09159162  0.07250296]
[-0.10518732 -0.00255205]
[-0.12397115  0.01926785]
[-0.09837504 -0.05884913]
[-0.08259417 -0.0336335 ]
[-0.09566608 -0.04341827]
[-0.21420085 -0.09585724]
[-0.27009147 -0.13322422]
[-0.11691011 -0.03426257]
[-0.1841975  -0.05708826]
[-0.13561272 -0.02350178]
[-0.09687609 -0.04951002]
[-0.10423662 -0.04920851]
[-0.12103428 -0.00227905]
[-0.19861747 -0.08651863]
[-0.14456611 -0.07410314]
[-0.12672524  0.00693283]
[0.00140411 0.17761065]
[-0.14209395 -0.02225113]
[-0.25910258 -0.07150648]
[ 0.0218597  -0.07757103]
[-0.08292286 -0.03390274]
[-0.06502446  0.09223507]
[-0.04234589  0.27806966]
[0.01525931 0.42986607]
[-0.12935603 -0.03215906]
[-0.18069143 -0.07128128]
[0.00854426 0.04266596]
[0.01175839 0.18329359]
[-0.11849932 -0.05514026]
[-0.12872446 -0.05976574]
[-0.06604307 -0.01304965]
[0.05800184 0.10582616]
[ 0.14564906 -0.00866755]
[-0.09702801 -0.07479295]
[-0.09575541 -0.07196247]
[-0.12087257 -0.08509386]
[0.17989349 0.0061445 ]
[0.03853402 0.40517093]
[-0.0894467  -0.01195266]
[-0.0869043   0.09629087]
[-0.14522665 -0.02604621]
[-0.23636866 -0.0951156 ]
[-0.09193045  0.03261851]
[-0.03591299  0.11940302]
[-0.13960051 -0.0943323 ]
[-0.11207525 -0.0306764 ]
[-0.29907861 -0.10904097]
[-0.24284476 -0.08481355]
[-0.27675272 -0.08652797]
[-0.26945149 -0.08682094]
[-0.2915384  -0.08723814]
[-0.05097571  0.05761331]
[-0.04581712  0.09850528]
[-0.12033212 -0.00877321]
[-0.0661768  0.0269298]
[-0.00265251  0.23259051]
[-0.11914657 -0.07768063]
[-0.19088566 -0.01354891]
[-0.10846938 -0.05439684]
[-0.15053566 -0.02860718]
[-0.16698589 -0.02853947]
[0.01563328 0.188846  ]
[0.0045576  0.20742025]
[0.00944024 0.28703829]
[-0.11613027 -0.03993108]
[0.09005205 0.2200076 ]
[-0.18981448 -0.12819842]
[-0.12062612 -0.04618939]
[-0.18247759 -0.08853219]
[-0.00363512 -0.04275629]
[-0.06358347 -0.00277683]
[-0.1077793   0.00801804]
[-0.15700993  0.00539981]
[-0.10584507  0.0164292 ]
[ 0.13284132 -0.09523188]
[ 0.14879771 -0.04179505]
[-0.28085387 -0.12512819]
[-0.06577333 -0.02581202]
[-0.15863486 -0.02498076]
[ 0.25830799 -0.02314927]
[-0.10607386 -0.02736168]
[-0.15238234 -0.06927536]
[-0.13554547 -0.06799725]
[-0.15094423 -0.07661167]
[-0.2595932  -0.08554331]
[-0.11942746 -0.06094873]
[-0.05874264  0.103355  ]
[-0.0458826   0.10770329]
[-0.00989135  0.13065648]
[-0.13260236 -0.05241717]
[-0.09373137  0.03278626]
[-0.04279844  0.02960215]
[-0.07905347  0.01847086]
[0.00093521 0.15411476]
[-0.25211684 -0.06909743]
[-0.12338335 -0.04802587]
[-0.12937522 -0.04614247]
[ 0.37099268 -0.04533976]
[ 0.37117809 -0.04531312]
[ 0.36109106 -0.04545342]
[-0.04664557  0.13760031]
[-0.03640848  0.14779667]
[-0.12530796  0.03462437]
[-0.11185167  0.0568149 ]
[-0.11295032  0.04554865]
[-0.08287445  0.13664155]
[0.08862696 0.16345048]
[0.0928934  0.24546253]
[0.10992636 0.22002482]
[-0.14209511 -0.00661569]
[0.03452761 0.11980261]
[-0.09366032 -0.08747221]
[-0.10422425 -0.08992668]
[-0.12793573 -0.07693972]
[-0.03635072  0.16229108]
[-0.08176786 -0.03238529]
[-0.15942421 -0.04975799]
[-0.17291858 -0.03644638]
[-0.13625436 -0.02321677]
[-0.15587828 -0.01097435]
[-0.12891607 -0.01129782]
[0.05678951 0.31252879]
[0.04350138 0.2695523 ]
[0.05731513 0.31782668]
[-0.02777126  0.02430093]
[-0.01610074  0.03915976]
[ 0.03248035 -0.03284042]
[ 0.03171509 -0.02512099]
[-0.00665725  0.01410136]
[0.0043587 0.0996237]
[0.01632268 0.15072325]
[0.00127215 0.15439387]
[0.06739186 0.40875753]
[-0.10018941 -0.03180199]
[-0.29871736 -0.12199633]
[ 0.04111777 -0.0195852 ]
[-0.18911959 -0.04781839]
[0.15660072 0.11497132]
[-0.03972798  0.10786767]
[ 0.18047938 -0.034991  ]
[ 0.177453   -0.03393028]
[ 0.18805143 -0.04109728]
[-0.1271321   0.04469813]
[-0.06523377  0.05763699]
[-0.0729172   0.03232126]
[ 0.18548052 -0.03915941]
[-0.11810714  0.05126439]
[-0.00587453  0.05714133]
[0.20517792 0.00365731]
[-0.10657245 -0.00607389]
[-0.2285773  -0.06126004]
[0.05985143 0.34124336]
[-0.15545354 -0.10390914]
[-0.14179351  0.00430591]
[-0.1463248  -0.04339119]
[-0.04264035  0.03539989]
[ 0.17069114 -0.03730498]
[ 0.13029594 -0.01553964]
[-0.27520204 -0.06606124]
[-0.22469522 -0.05034663]
[-0.15030651 -0.07765172]
[-0.06487491  0.10944615]
[0.00349634 0.07564805]
[-0.17798868 -0.05077976]
[-0.1056778 -0.0442689]
[ 0.19466353 -0.00230379]
[ 0.12225352 -0.03211543]
[-0.12017894 -0.05533138]
[-0.34342035 -0.1215663 ]
[-0.29016406 -0.12074678]
[-0.35054554 -0.11829359]
[-0.07191067  0.00372414]
[-0.15645895 -0.04455598]
[-0.14848983 -0.0558319 ]
[-0.10368401 -0.00316415]
[-0.01745834  0.04474455]
[0.03775964 0.10835537]
[0.04217501 0.27065835]
[-0.15157386 -0.04662192]
[-0.12524545 -0.04932643]
[-0.10787895 -0.00482496]
[-0.11893202  0.00900001]
[-0.09565384  0.01681496]
[-0.17115352 -0.06462056]
[-0.10239686  0.04167711]
[-0.09068528 -0.02451783]
[-0.15020493 -0.0343905 ]
[-0.07839712 -0.01483517]
[-0.10601592 -0.02850821]
[-0.16701305 -0.07521692]
[-0.21781961 -0.06262108]
[0.04945755 0.20268767]
[ 0.02667234 -0.05732223]
[ 0.21065416 -0.03812648]
[-0.07040194  0.01515841]
[-0.06049258  0.00750551]
[-0.19354972 -0.02000612]
[0.00094051 0.15054834]
[-0.0925269  0.0176705]
[-0.14788249 -0.07954629]
[-0.10709316 -0.07097758]
[-0.14616712 -0.05278081]
[-0.09878352 -0.00458618]
[-0.45244973 -0.29105034]
[-0.03171904  0.0317613 ]
[-0.19960763 -0.06055044]
[-0.07225746  0.00566618]
[-0.4264583  -0.12069181]
[-0.46267187 -0.11972175]
[-0.10997602 -0.0385317 ]
[-0.12393811  0.00851421]
[-0.08680267  0.0775031 ]
[-0.0433353  -0.00660425]
[-0.10615171  0.00665409]
[-0.08313221  0.01640236]
[0.05909279 0.18239585]
[-0.05726257  0.01923447]
[-0.08431548  0.0260078 ]
[-0.07194228  0.03476243]
[-0.0766142   0.02473444]
[-0.12192503 -0.06909819]
[-0.10941776  0.03050308]
[-0.18672933 -0.07467566]
[ 0.36051    -0.04574907]
[0.19159673 0.00911209]
[0.20733245 0.00618489]
[-0.00180351  0.08144792]
[-0.00865541  0.08565906]
[-0.0750072  0.1259457]
[-0.07736589  0.168776  ]
[-0.05812912 -0.03557713]
[-0.02622377  0.10816422]
[-0.10661423  0.03112232]
[-0.0734312   0.10671918]
[-0.08532014 -0.00594297]
[-0.05760435  0.14137038]
[-0.16460983 -0.06837722]
[-0.07812715  0.07129243]
[-0.1017354   0.02639655]
[-0.02709155  0.0025416 ]
[-0.01934513  0.01218228]
[-0.01597287  0.01297352]
[-0.01096017  0.25557912]
[-0.01115168  0.29207587]
[-0.01215071  0.0863192 ]
[0.02140165 0.09218324]
[-0.13314931  0.02200245]
[-0.06888309 -0.01423536]
[-0.11495752 -0.05057542]
[-0.05972435 -0.02143605]
[-0.06547696  0.21673868]
[-0.0780428   0.03575832]
[-0.06944237 -0.15352855]
[-0.12825871 -0.07762199]
[-0.15035437 -0.06403935]
[ 0.36111505 -0.04547334]
[-0.07387667  0.06964178]
[-0.07269544  0.05015624]
[-0.07579098  0.06358218]
[-0.04417899  0.06674569]
[-0.07642896  0.01594376]
[-0.14219092 -0.00041148]
[-0.14883932 -0.05336165]
[ 0.03425149 -0.01056419]
[0.02298075 0.19354094]
[0.02623004 0.17437612]
[0.00192328 0.12872187]
[0.01021179 0.15250282]
[-0.0847289   0.08436522]
[-0.20887738 -0.07333174]
[-0.02939924  0.03999932]
[0.11941367 0.30924447]
[-0.0949148   0.01408875]
[-0.1475835  -0.01443462]
[-0.26996473 -0.0894939 ]
[-0.22964964 -0.08089349]
[-0.0812852   0.03361451]
[-0.04154654  0.13124117]
[-0.08893747  0.09866514]
[-0.12126828 -0.08615838]
[-0.0279172   0.13303239]
[-0.09779629  0.00224529]
[-0.34574519 -0.10283161]
[-0.1468423  -0.03044214]
[-0.22607902 -0.11574387]
[-0.1496434  -0.07117088]
[0.11176293 0.05610454]
[0.09417743 0.11093858]
[-0.07173591  0.02047086]
[-0.10379341  0.02437587]
[-0.09070615 -0.02101427]
[-0.14007947 -0.05058211]
[-0.14466824 -0.02171454]
[ 0.33902621 -0.03781037]
[ 0.36234347 -0.0449709 ]
[ 0.35005605 -0.04512646]
[-0.20673333 -0.06045526]
[-0.00662086  0.22540736]
[0.10192773 0.00391094]
[-0.00466768 -0.03826229]
[0.02235553 0.08137671]
[-0.05933832  0.08016827]
[-0.06091942  0.02546842]
[-0.15358279 -0.09541256]
[-0.35135266 -0.16341827]
[-0.11371312  0.02045243]
[-0.02860924  0.13582862]
[-0.00178293  0.1616376 ]
[-0.06921953  0.03168126]
[0.09402061 0.31495371]
[-1.36975965e-01 -8.77979511e-05]
[-0.24591831 -0.05270281]
[-0.12607913 -0.05665402]
[-0.20571928 -0.06141109]
[-0.09060541 -0.01644282]
[-0.07889164  0.00511418]
[-0.13759465 -0.04562199]
[-0.16162146 -0.03888093]
[-0.15440811 -0.04539153]
[-0.13514595 -0.04945839]
[-0.1404083  -0.05721264]
[-0.14043179 -0.05424333]
[-0.15360533 -0.06611567]
[-0.08455227 -0.00035885]
[-0.18072481 -0.06791839]
[-0.07197414 -0.06795336]
[-0.11012454 -0.0609485 ]
[-0.05369397 -0.06309073]
[-0.07722722 -0.0825798 ]
[-0.001914   -0.05754764]
[ 0.03160358 -0.04342515]
[-0.07700927 -0.04425779]
[-0.13056934 -0.02295131]
[-0.08239332 -0.04806726]
[-0.07906657 -0.05415634]
[-0.11827558 -0.03275682]
[-0.14474813 -0.03832611]
[0.10695583 0.31253736]
[-0.14957836 -0.05257413]
[-0.10890813 -0.04701184]
[-0.16924134 -0.05212689]
[-0.10845797 -0.03912674]
[-0.08940117  0.17077835]
[-0.13413706 -0.04559307]
[-0.04038195 -0.00756601]
[-0.09730282  0.06615015]
[ 0.16522967 -0.01547323]
[0.06642427 0.20299431]
[0.09254571 0.13219785]
[-0.14147136 -0.04614421]
[-0.24069224 -0.09905238]
[0.01677482 0.06592059]
[-0.10046253 -0.03134721]
[-0.14587471 -0.04220283]
[-0.11703292 -0.03062568]
[-0.14024666 -0.03740426]
[-0.13974845 -0.02334503]
[-0.14511846 -0.06086691]
[-0.18295949 -0.05473005]
[-0.18506078 -0.04738268]
[-0.19011456 -0.08040504]
[-0.1895776  -0.09144932]
[-0.07421897 -0.06150198]
[ 0.00582755 -0.0516067 ]
[ 0.15698439 -0.00786685]
[ 0.18847112 -0.03897839]
[ 0.17760935 -0.02566789]
[-0.06218529  0.01807366]
[-0.15079335 -0.01961979]
[-1.87964899e-04  2.58582014e-01]
[-0.06371252  0.14453586]
[ 0.1763007  -0.03166005]
[ 0.180271   -0.03507244]
[ 0.15933336 -0.03448404]
[ 0.17252402 -0.02595566]
[ 0.18345149 -0.04406016]
[ 0.18499497 -0.04594155]
[ 0.18339769 -0.04008882]
[ 0.16626738 -0.00312378]
[-0.0696001  0.0431235]
[-0.10488973 -0.06419886]
[-0.03446939  0.07678138]
[-0.00145696  0.1451721 ]
[0.27545634 0.00057864]
[ 0.30565006 -0.01207266]
[-0.08642702  0.06957735]
[-0.19928941 -0.07991541]
[0.01226547 0.08051032]
[0.00698293 0.04953403]
[-0.00450571  0.05893931]
[-0.11460457 -0.03877603]
[0.0057535  0.02469664]
[-0.0278926  0.0479141]
[-0.09232287  0.02653362]
[-0.10809311  0.02745562]
[-0.20237464 -0.00850077]
[-0.05172491  0.07449877]
[-0.1105633   0.01338404]
[-0.1225827  -0.07266276]
[0.00773051 0.17861276]
[-0.05479352  0.10415615]
[-0.03222966  0.12528832]
[-0.00029296  0.13331928]
[0.03516692 0.14842492]
[-0.10150894  0.03466407]
[-0.06458792  0.01556331]
[-0.14717955 -0.02823883]
[-0.11834657 -0.00938827]
[-0.13720057 -0.02787045]
[-0.09736668 -0.02067158]
[-0.13635733 -0.06694115]
[0.01432389 0.25887336]
[-0.05287139  0.14387668]
[-0.15528028 -0.07462549]
[-0.04854312  0.19819087]
[ 0.1005192  -0.03768695]
[-0.13778132  0.01053258]
[-0.07290805 -0.06567918]
[-0.12029591 -0.02178699]
[-0.12548464 -0.01105453]
[-0.16978    -0.04115546]
[-0.06630672 -0.0428883 ]
[0.02258399 0.22795137]
[-0.09721159  0.01095337]
[-0.16690629 -0.03692444]
[-0.03825866  0.11735504]
[0.05356851 0.36763559]
[-0.0870045   0.02229156]
[-0.11405606 -0.02230285]
[-0.14139361 -0.02995985]
[-0.09912564 -0.00662547]
[-0.09237437 -0.0068683 ]
[-0.08817972  0.06490297]
[-0.07684512  0.08067888]
[-0.02006608 -0.00114587]
[-0.05535148  0.02006503]
[-0.11320637 -0.04389449]
[-0.13266339 -0.05563936]
[-0.12052628 -0.03501554]
[-0.15644451 -0.00786308]
[0.06190071 0.19261804]
[-0.1810174 -0.0333282]
[-0.17722197 -0.0404434 ]
[-0.00498346  0.01248956]
[-0.26708151 -0.08318388]
[-0.03379305  0.03882879]
[-0.61452674 -0.33522037]
[-0.16365774 -0.00567357]
[-0.06751339 -0.05252971]
[-0.06202033 -0.01514464]
[0.00483896 0.02566302]
[-0.04487582  0.10859188]
[-0.15120531 -0.03825554]
[-0.12043019  0.01365357]
[-0.03235922 -0.07006442]
[-0.08886228  0.07445101]
[-0.0512918   0.07276375]
[-0.26140256 -0.12169768]
[0.11760262 0.14203073]
[ 0.12809734 -0.05567782]
[ 0.11978935 -0.05771612]
[ 0.03226086 -0.05594356]
[ 0.09561486 -0.0602588 ]
[ 0.11507474 -0.05881008]
[0.04202894 0.06188993]
[ 0.22872952 -0.02238269]
[-0.10586336 -0.06571479]
[-0.13989062  0.03199557]
[-0.28450219 -0.09715003]
[ 0.21830961 -0.01603165]
[0.02586845 0.19720885]
[-0.20297037 -0.04234297]
[-0.0775368   0.07035351]
[-1.35679217e-04  2.11600583e-01]
[-0.11581148 -0.06169693]
[-0.01742512  0.10060902]
[-0.08163704 -0.0638545 ]
[-0.02465827  0.01842026]
[-0.06046884  0.02303646]
[ 0.19462312 -0.0114187 ]
[-0.19341571 -0.06868672]
[-0.01274726  0.17865475]
[-0.10987224 -0.00718375]
[-0.09453937 -0.03656631]
[-0.11380856 -0.04700476]
[0.02661363 0.174153  ]
[0.09249136 0.01586163]
[0.14947439 0.01543392]
[-0.15015717 -0.02721086]
[ 0.1862088  -0.03299006]
[0.0427914  0.36059313]
[-0.04577431  0.22305181]
[-0.10122684 -0.01930526]
[-0.1377601   0.06633542]
[-0.09455216 -0.03906187]
[-0.01206763  0.07841296]
[-0.10986291 -0.05691126]
[0.11835615 0.12795713]
[0.04448321 0.16749361]
[0.09347795 0.0607433 ]
[-0.10836777  0.03079876]
[ 0.22065814 -0.0581639 ]
[ 0.35863687 -0.02442179]
[ 0.55202421 -0.04412691]
[ 0.37269782 -0.02120757]
[ 0.60320516 -0.06039198]
[ 0.39480448 -0.00184446]
[ 0.4959727  -0.10271615]
[ 0.42371062 -0.07670468]
[ 0.61153366 -0.14476604]
[ 0.72259489 -0.178851  ]
[ 0.48447111 -0.09348515]
[ 0.27249806 -0.03008239]
[ 0.26552051 -0.02954691]
[ 0.57138874 -0.12962796]
[ 0.59210567 -0.16134763]
[ 0.201114  -0.0430436]
[ 0.63399149 -0.15412093]
[ 0.27972421 -0.05490377]
[ 0.60295567 -0.12402872]
[ 0.3617212  -0.06174362]
[ 0.52690757 -0.13157297]
[ 0.35039402 -0.02685885]
[0.27794206 0.02707233]
[0.24849836 0.04124066]
[0.09292704 0.17151462]
[-0.1730264   0.04175885]
[ 0.38637806 -0.05043672]
[ 0.36004732 -0.04720421]
[0.16080048 0.02610811]
[0.2267283 0.0075969]
[ 0.59259853 -0.04762803]
[0.01990179 0.0225292 ]
[-0.15023445  0.10583586]
[ 0.59330079 -0.13980258]
[0.11613507 0.88399819]
[0.18098958 0.14583284]
[ 0.50024883 -0.02689288]
[ 0.61773905 -0.0839955 ]
[ 0.21545588 -0.03161321]
[ 0.16728955 -0.03705975]
[ 0.21746685 -0.04287745]
[ 0.25154861 -0.04505292]
[0.19260745 0.05265714]
[0.22683851 0.00165995]
[ 0.21663769 -0.01232543]
[ 0.34471515 -0.03768016]
[ 0.29759182 -0.04044721]
[0.1305805  0.00989533]
[ 0.6520317  -0.13740178]
[ 0.27992683 -0.01966397]
[ 0.43049963 -0.09743201]
[0.05025241 0.15678196]
[ 0.45255976 -0.05425022]
[ 0.30293583 -0.05728843]
[ 0.43231894 -0.03813213]
[ 0.38126369 -0.05244592]
[ 0.18868048 -0.03700689]
[0.20100149 0.07773801]
[ 0.43089302 -0.08379745]
[ 0.36921698 -0.0499697 ]
[ 0.32750248 -0.05283783]
[ 0.47232406 -0.10484033]
[ 0.41191207 -0.03498409]
[ 0.39580384 -0.05288436]
[ 0.36504473 -0.04236133]
[ 0.41409285 -0.0881787 ]
[ 0.31900989 -0.0703846 ]
[0.09702387 0.08024734]
[ 0.21731528 -0.04853997]
[-0.02154838  0.20987393]
[0.03208476 0.03259683]
[ 0.33918007 -0.04737811]
[0.20455033 0.00621737]
[0.2789129  0.21676006]
[ 0.34799027 -0.0746593 ]
[ 0.4057518  -0.09309349]
[ 0.32064564 -0.06364436]
[ 0.43661959 -0.0888666 ]
[ 0.56703159 -0.12943198]
[ 0.67402631 -0.15528145]
[ 0.49941056 -0.12507005]
[ 0.60260592 -0.15202967]
[ 0.5451991  -0.13187149]
[ 0.58857193 -0.12416788]
[ 0.60538572 -0.1250743 ]
[ 0.65868963 -0.14051142]
[ 0.32269104 -0.02884261]
[ 0.30853722 -0.02406136]
[ 0.45264906 -0.04595717]
[ 0.35180513 -0.00343515]
[0.40075061 0.24776098]
[0.27771096 0.23062774]
[ 0.28416685 -0.02041193]
[ 0.49783126 -0.10567844]
[ 0.457879   -0.09911646]
[ 0.44280832 -0.09109044]
[ 0.47702086 -0.09458486]
[ 0.42129898 -0.0877015 ]
[ 0.4039416  -0.07908454]
[-0.0292031   0.03768393]
[ 0.49944086 -0.12456517]
[ 0.60231371 -0.15218766]
[ 0.54082886 -0.1320274 ]
[ 0.80205362 -0.21640026]
[ 0.81792367 -0.21956278]
[ 0.13580627 -0.032604  ]
[ 0.11325421 -0.021842  ]
[0.06346553 0.03477778]
[ 0.15278479 -0.04713447]
[ 0.4253295  -0.06994267]
[ 0.32760259 -0.03295864]
[ 0.20655101 -0.0227106 ]
[-0.11902082 -0.04645248]
[ 0.40453603 -0.05074821]
[ 0.35700913 -0.0433061 ]
[ 0.21906107 -0.03812957]
[ 0.25786963 -0.01052233]
[0.18383564 0.02251803]
[ 0.37680958 -0.05344159]
[0.16884447 0.00300008]
[ 0.3064843  -0.03235018]
[ 0.25950889 -0.02779482]
[ 0.34996073 -0.07591664]
[ 0.48367965 -0.05863065]
[0.33725422 0.00822811]
[ 0.13480476 -0.03425789]
[ 0.36041331 -0.05366689]
[ 0.20371798 -0.01439565]
[ 0.00160341 -0.00313883]
[ 0.54615216 -0.10292607]
[ 0.45396114 -0.07100491]
[ 0.48886206 -0.07366606]
[ 0.27397479 -0.05988413]
[ 0.37788559 -0.07772769]
[ 0.45590512 -0.10166454]
[ 0.4632632  -0.10257884]
[ 0.36974074 -0.07850575]
[ 0.40603773 -0.08213239]
[ 0.41547616 -0.08191089]
[ 0.46146427 -0.11016801]
[ 0.41818075 -0.09634364]
[0.15741191 0.04793954]
[ 0.41774546 -0.0670011 ]
[-0.07663214  0.06318789]
[-0.09846521  0.1347129 ]
[-0.03460978  0.03162501]
[ 0.50124743 -0.05334084]
[0.3370348  0.02480165]
[0.16471398 0.02308727]
[ 0.41342437 -0.06858224]
[ 0.48912124 -0.09636353]
[ 0.21550246 -0.04721982]
[ 0.81991674 -0.18848522]
[ 0.64731405 -0.13188524]
[ 0.17646202 -0.00577556]
[0.22647536 0.00185176]
[ 0.28991203 -0.03307086]
[ 0.31092822 -0.02120794]
[ 0.72895551 -0.17701062]
[ 0.30705777 -0.07600096]
[ 0.31454221 -0.04035908]
[ 0.46986115 -0.0766105 ]
[ 0.57677902 -0.11100924]
[ 0.37076486 -0.06317239]
[ 0.35407915 -0.06355321]
[0.39180466 0.02747466]
[ 0.48812656 -0.09119875]
[ 0.64224736 -0.1287832 ]
[ 0.45830599 -0.02879645]
[0.21078009 0.02801513]
[ 0.63334386 -0.0737691 ]
[0.40122538 0.00077955]
[ 0.5568831  -0.13342314]
[ 0.35582204 -0.0542068 ]
[ 0.35426273 -0.03748547]
[0.21452842 0.01166803]
[ 0.2920004  -0.06568259]
[ 0.37204562 -0.06201005]
[0.18897848 0.12846395]
[ 0.47362034 -0.08804919]
[ 0.46370084 -0.08502168]
[ 0.36557329 -0.03399575]
[ 0.49035328 -0.09627383]
[ 0.58081113 -0.13374573]
[ 0.52542912 -0.10573896]
[ 0.38476661 -0.06319004]
[ 0.29767061 -0.03484256]
[ 0.60538359 -0.06037065]
[ 0.61643314 -0.15261126]
[ 0.70743602 -0.17997784]
[ 0.34968503 -0.02347908]
[ 0.6571529  -0.16524244]
[0.15271416 0.12919766]
[ 0.2164196  -0.01422641]
[ 0.26593391 -0.03765532]
[ 0.54013955 -0.09324863]
[ 0.26836129 -0.03971095]
[0.10152399 0.09080736]
[0.13880407 0.06141043]
[0.08860787 0.10289786]
[0.23131614 0.0402536 ]
[ 0.15117155 -0.01561609]
[ 0.60388037 -0.14912539]
[ 0.71069827 -0.18591333]
[ 0.78060166 -0.19855273]
[0.04845623 0.11619379]
[ 0.33938988 -0.06259696]
[ 0.27160407 -0.06320665]
[ 0.50582989 -0.09819852]
[ 0.67222566 -0.13666393]
[ 0.22919546 -0.03863629]
[ 0.43890997 -0.0682425 ]
[ 0.39179759 -0.09725131]
[ 0.42738667 -0.0665506 ]
[ 0.34202315 -0.06217838]
[ 0.58906007 -0.09701445]
[ 0.30714632 -0.02567706]
[ 0.41513412 -0.0744739 ]
[ 0.50725493 -0.09158198]
[ 0.67411693 -0.16647499]
[ 0.66393604 -0.15437135]
[ 0.20995001 -0.06073941]
[ 0.38106828 -0.06088778]
[ 0.73320562 -0.17329684]
[ 0.55212972 -0.13165157]
[ 0.49151972 -0.11990153]
[ 0.41195909 -0.10411184]
[ 0.74276417 -0.19494918]
[ 0.37980049 -0.0633879 ]
[ 0.42781417 -0.09004083]
[ 0.58426827 -0.11072448]
[ 0.61578163 -0.13032548]
[ 0.64697812 -0.13061052]
[ 0.38330482 -0.09054218]
[ 0.39469345 -0.09348577]
[ 0.42241243 -0.09462092]
[ 0.32346762 -0.08273062]
[ 0.35465547 -0.09386548]
[ 0.39875415 -0.07650653]
[ 0.41739946 -0.09446085]
[ 0.46577671 -0.102417  ]
[ 0.45242627 -0.08842388]
[0.43955451 0.00483246]
[ 0.41862236 -0.09374677]
[0.18532996 0.0476004 ]
[ 0.32128929 -0.063845  ]
[ 0.2181689  -0.04179421]
[ 0.12610763 -0.02200449]
[0.12252023 0.00654397]
[ 0.32850688 -0.06118906]
[ 0.2836511  -0.06907366]
[ 0.18585208 -0.05413684]
[ 0.43468772 -0.08569297]
[ 0.65865669 -0.14966557]
[ 0.60223599 -0.13879322]
[ 0.23984079 -0.04396552]
[ 0.48312754 -0.11743217]
[ 0.43514206 -0.05086246]
[ 0.31765937 -0.04423663]
[ 0.28639431 -0.02229016]
[ 0.42314423 -0.06613651]
[ 0.56216148 -0.12634377]
[ 0.31681111 -0.01999963]
[ 0.33231802 -0.07787725]
[ 0.49230362 -0.11771558]
[ 0.48995247 -0.12755415]
[ 0.62870861 -0.14434171]
[ 0.30320836 -0.07645176]
