[0.02372797 0.44022292 0.02053001 0.65978845]
[0.02324534 0.44676239 0.02060561 0.6023439 ]
[0.02280503 0.4561647  0.01282529 0.61934926]
[0.02340654 0.4715139  0.01782127 0.59589425]
[0.02274607 0.48816152 0.01346567 0.69997918]
[0.01560126 0.32407939 0.03611861 0.51953165]
[0.0228246  0.27449209 0.03266836 0.59915822]
[0.06210516 0.26741797 0.05668044 0.46807474]
[0.09692828 0.25500535 0.13873024 0.42955571]
[0.06691435 0.57765991 0.07147168 0.37054447]
[0.04919029 0.30217228 0.05868972 0.54686964]
[0.0125428  0.29537733 0.0665259  0.53880206]
[0.04356945 0.40081223 0.05233336 0.49934393]
[0.04659685 0.4214104  0.05034956 0.49082095]
[0.08957701 0.23722524 0.14327766 0.37667747]
[0.06634023 0.26498443 0.08402463 0.34072082]
[0.12291726 0.24851328 0.12587311 0.40602641]
[0.1100863  0.24353032 0.11909975 0.44285649]
[0.12159828 0.2577602  0.1151351  0.41659402]
[0.12235219 0.24547662 0.0993506  0.42984598]
[0.10519148 0.22737994 0.22622522 0.3322579 ]
[0.04034612 0.33456152 0.01831944 0.56211615]
[0.0674031  0.43610118 0.03399709 0.51583493]
[0.07691117 0.2030335  0.04728283 0.2398303 ]
[0.08281209 0.49192771 0.04762461 0.52159303]
[0.18982476 0.14060533 0.20627251 0.28336332]
[0.09914648 0.22748134 0.1166161  0.47675181]
[0.05411984 0.32198297 0.13060618 0.47229742]
[0.05561959 0.3466739  0.00745262 0.49387444]
[0.05735663 0.34219398 0.00985151 0.60136168]
[0.12787494 0.11873219 0.47168668 0.34052799]
[0.12627831 0.12505044 0.40485791 0.3601207 ]
[0.09030133 0.21423883 0.13267612 0.32760247]
[0.0694119  0.3624998  0.03504305 0.41405192]
[0.18663738 0.22814819 0.11818814 0.33602115]
[0.17666454 0.22910054 0.11235592 0.29432713]
[0.12892729 0.23922422 0.15203121 0.45573273]
[0.05759048 0.31800608 0.02294941 0.44435544]
[0.06038647 0.31968111 0.01244877 0.44800585]
[0.07732726 0.18900193 0.39773591 0.41030618]
[0.24687904 0.11900978 0.01379638 0.16631126]
[0.11963766 0.14860914 0.27231317 0.28177504]
[0.11994295 0.2439043  0.12298397 0.27725448]
[0.12577734 0.24321691 0.12154937 0.29418207]
[0.05320888 0.27755772 0.06876664 0.50868915]
[0.11432602 0.19491117 0.26609127 0.41832786]
[0.05472086 0.43777358 0.02307728 0.43748817]
[0.05213305 0.37000848 0.02873688 0.49374209]
[0.06176293 0.28943834 0.04117243 0.45474405]
[0.03012694 0.40353021 0.03470658 0.34855507]
[0.02859612 0.39007727 0.00172278 0.21494735]
[0.03225047 0.38889474 0.05689246 0.33693573]
[0.03013379 0.40732274 0.03684457 0.35061292]
[0.02573727 0.41077815 0.03192927 0.33673434]
[0.02827053 0.38953736 0.05874125 0.34356887]
[0.02923091 0.39342997 0.0376976  0.34376825]
[0.33511579 0.16784437 0.10334569 0.40988745]
[0.24930198 0.19635048 0.12467882 0.36870632]
[0.137656   0.19769762 0.24387272 0.3630896 ]
[0.15619122 0.19736867 0.27288979 0.35435907]
[0.10624334 0.21047001 0.27307945 0.36383129]
[0.10206404 0.20837016 0.27561321 0.32755032]
[0.07382506 0.41651698 0.05478314 0.28664458]
[0.03628447 0.29235648 0.03528849 0.47606041]
[0.08498871 0.22326136 0.05055479 0.55360149]
[0.05246866 0.23230628 0.17154605 0.38938046]
[0.12229642 0.23040659 0.21869986 0.35567251]
[0.18164937 0.28382066 0.09703306 0.4225686 ]
[0.04035761 0.31682881 0.04398801 0.48387762]
[0.0927798  0.26538212 0.04522046 0.38264105]
[0.25715105 0.16476979 0.0899947  0.23600234]
[0.05414063 0.26034912 0.06500281 0.61366304]
[0.03852077 0.53368765 0.0095315  0.45735041]
[0.03253668 0.3509563  0.01613081 0.50173946]
[0.11169173 0.23720154 0.17230124 0.39926117]
[0.0557057  0.2114537  0.10514122 0.4833799 ]
[0.05581162 0.22208384 0.24919959 0.41089499]
[0.12094466 0.33129573 0.05256564 0.34087687]
[0.04286446 0.21324619 0.08711504 0.4694703 ]
[0.03948335 0.24075176 0.0851498  0.50214206]
[0.08701904 0.68557312 0.00920648 0.74076377]
[0.02988086 0.36430125 0.00281238 0.79699197]
[0.12163913 0.17233693 0.22237414 0.41456633]
[0.1678233  0.20178565 0.03275048 0.22979293]
[0.16357037 0.20487208 0.07657186 0.22718828]
[0.16915794 0.23612699 0.18279506 0.43185213]
[0.16485413 0.23845254 0.16639115 0.45109788]
[0.16219439 0.20471406 0.13986475 0.36324389]
[0.16330838 0.20390183 0.09562812 0.34534483]
[0.1730892  0.27643049 0.16130507 0.35991406]
[0.1371582  0.24114945 0.16156189 0.44665302]
[0.15360242 0.23027438 0.09260834 0.23565699]
[0.16106328 0.22245071 0.06603144 0.30749833]
[0.15836073 0.17073512 0.44603413 0.31799165]
[0.10387201 0.16169284 0.42672438 0.3828541 ]
[0.0520648  0.30378147 0.04031212 0.39837236]
[0.04257899 0.31328912 0.03548724 0.44222561]
[0.04066461 0.31936243 0.0281165  0.43131744]
[0.02176638 0.32516184 0.02153653 0.4847509 ]
[0.08281209 0.34943138 0.10700657 0.35782327]
[0.05585418 0.27573783 0.04307602 0.47377191]
[0.07074361 0.27614342 0.0316416  0.42371061]
[0.05585418 0.26204786 0.06039863 0.43997202]
[0.0557397  0.25349887 0.05226309 0.50878049]
[0.06696768 0.24937186 0.05232056 0.47517059]
[0.06626611 0.24899788 0.04934626 0.43482028]
[0.05959929 0.16668923 0.57552058 0.40567289]
[0.05886396 0.23088882 0.01020535 0.5693382 ]
[0.02246085 0.31319431 0.04621088 0.57497504]
[0.04590409 0.28014138 0.11370908 0.43827923]
[0.03764039 0.43229021 0.11988549 0.42486588]
[0.26954414 0.16426543 0.04745445 0.21300066]
[0.20968605 0.14140071 0.00653156 0.13716574]
[0.05021304 0.23839724 0.22924039 0.38096925]
[0.08452246 0.15965356 0.16659897 0.41052745]
[0.06004474 0.33444037 0.05820501 0.36159352]
[0.04954425 0.26072311 0.07661464 0.3846465 ]
[0.0861548  0.20389445 0.15816034 0.42894738]
[0.06266337 0.19529621 0.1586145  0.49976897]
[0.05612766 0.25981975 0.02869068 0.58082458]
[0.04313207 0.19365884 0.11061571 0.49724669]
[0.03699533 0.32924144 0.05008691 0.50840947]
[0.0486487  0.2199753  0.09304004 0.36825945]
[0.07545422 0.30323102 0.06570601 0.33285055]
[0.0800572  0.28854025 0.08409138 0.47529911]
[0.19080935 0.15432612 0.31391068 0.33722565]
[0.05144053 0.34824095 0.02787158 0.52549755]
[0.05990066 0.32002086 0.10090458 0.43201893]
[0.05156798 0.50590212 0.01321134 0.39911051]
[0.06815677 0.26320669 0.06863379 0.45877008]
[0.0703395  0.25827377 0.07821994 0.4280906 ]
[0.07429253 0.19633099 0.11188743 0.46085209]
[0.0694053  0.20239114 0.04674778 0.48866954]
[0.05379914 0.33243612 0.04292469 0.42733394]
[0.07919297 0.20782894 0.18415836 0.3665533 ]
[0.06913133 0.29574605 0.05818171 0.41150402]
[0.19312833 0.26544533 0.23180996 0.41778617]
[0.19332402 0.26459465 0.19648599 0.40525965]
[0.1848096  0.27155552 0.18410055 0.47819866]
[0.18979834 0.27099717 0.2041849  0.45723975]
[0.19224452 0.27085232 0.19728692 0.45743772]
[0.19125627 0.27045463 0.17967727 0.45246847]
[0.06315065 0.28894057 0.08676228 0.4638677 ]
[0.03890189 0.36296597 0.00562763 0.2574106 ]
[0.04202762 0.36439607 0.00216773 0.24935915]
[0.02410126 0.36680063 0.02784176 0.45842736]
[0.02559735 0.36348481 0.028221   0.44792253]
[0.02750023 0.3577091  0.03337424 0.45257943]
[0.02680674 0.36120929 0.03167914 0.43121021]
[0.07282457 0.40642201 0.01989609 0.45959256]
[0.0231382  0.3586151  0.01397444 0.53847301]
[0.08359242 0.27387054 0.10728868 0.40174946]
[0.02469006 0.43025436 0.04921896 0.44728061]
[0.07561983 0.22526903 0.09565349 0.48150761]
[0.05408363 0.6008944  0.01641908 0.63872231]
[0.03775756 0.28920921 0.03070607 0.49508403]
[0.02909881 0.47464801 0.03096368 0.34276802]
[0.07889893 0.30218018 0.08583586 0.51026008]
[0.03065703 0.32890169 0.03417641 0.46169409]
[0.08780891 0.3842726  0.04237894 0.46662981]
[0.13659118 0.13102288 0.59032018 0.34261641]
[0.04001123 0.3986763  0.00232194 0.63118735]
[0.10955376 0.30556975 0.04232037 0.33401308]
[0.05864454 0.23276718 0.0343303  0.51379978]
[0.05527835 0.32790352 0.01144722 0.59905301]
[0.02557949 0.34560725 0.01485074 0.60168978]
[0.03428937 0.28722866 0.00232844 0.52188017]
[0.13095272 0.2450684  0.11865234 0.33838939]
[0.03699533 0.22751927 0.05703356 0.50113981]
[0.05210859 0.22808788 0.03911802 0.52340263]
[0.04684562 0.27836363 0.01032508 0.63598911]
[0.11135171 0.16988391 0.19131865 0.36196676]
[0.02841706 0.42669887 0.00470356 0.65734934]
[0.04608119 0.34509631 0.28641196 0.44360891]
[0.042067   0.34951303 0.26536109 0.42178425]
[0.07196719 0.34508051 0.05508351 0.45567614]
[0.03689798 0.24882669 0.14838161 0.45481275]
[0.07939991 0.34133539 0.06376957 0.49061098]
[0.1924138  0.28034681 0.26875006 0.36416685]
[0.18218093 0.14068302 0.11314108 0.24526564]
[0.06702908 0.21226066 0.17715089 0.46551221]
[0.15435682 0.15811496 0.46610051 0.30320433]
[0.04697405 0.29256191 0.11920962 0.4585881 ]
[0.07694517 0.29150579 0.02668193 0.53347641]
[0.07670055 0.29553272 0.02229446 0.49817575]
[0.07606943 0.29782404 0.05454377 0.47846406]
[0.07575486 0.30123995 0.0308762  0.54589892]
[0.02673996 0.34972899 0.03336306 0.5253069 ]
[0.05896817 0.27621716 0.19102618 0.44617417]
[0.15420932 0.21465259 0.10417399 0.28355029]
[0.0461536  0.19073833 0.11482217 0.37326961]
[0.09898552 0.20444621 0.25804933 0.50164237]
[0.03243614 0.40862905 0.00233612 0.37228426]
[0.02180234 0.40610334 0.01111816 0.57328851]
[0.04693417 0.39095693 0.0132861  0.61275602]
[0.12007504 0.4046706  0.00397027 0.17243281]
[0.14104054 0.40047512 0.00382934 0.16829683]
[0.07749629 0.29374707 0.12039821 0.44153871]
[0.04362302 0.28194546 0.04202785 0.55258548]
[0.04354841 0.23941648 0.05862418 0.53914519]
[0.04322576 0.23335107 0.0223708  0.48245871]
[0.19427804 0.27906419 0.25610876 0.40098492]
[0.06514331 0.24906635 0.1671262  0.43719578]
[0.08151317 0.21774482 0.31746113 0.43671859]
[0.03380478 0.27505834 0.11572656 0.40995297]
[0.03478472 0.275298   0.11933787 0.44021563]
[0.06915212 0.21371183 0.17221042 0.50526439]
[0.18535925 0.22046595 0.02516583 0.26602099]
[0.18112907 0.22983086 0.02819308 0.27985504]
[0.08569932 0.23446249 0.20168963 0.44789671]
[0.0859437  0.28467924 0.15805862 0.44027525]
[0.08497843 0.2841525  0.15106571 0.44263436]
[0.09262006 0.25913499 0.19573408 0.43224933]
[0.09616898 0.26846355 0.17183568 0.41836897]
[0.09010074 0.26845828 0.18903478 0.41838788]
[0.08881454 0.27700464 0.15366737 0.4431231 ]
[0.08989526 0.27931966 0.17665114 0.43692685]
[0.08818269 0.28146349 0.15830303 0.46287922]
[0.02951784 0.33936275 0.03388689 0.45431402]
[0.03012914 0.33922843 0.03873549 0.43121248]
[0.04949802 0.32155367 0.04174856 0.52249788]
[0.04973726 0.3258466  0.0416693  0.52246333]
[0.06858485 0.22669018 0.15629046 0.47644283]
[0.07326611 0.25327764 0.26538599 0.40110678]
[0.09342339 0.20198765 0.33263523 0.38082258]
[0.09206331 0.2017306  0.35688708 0.39879266]
[0.09094076 0.20388392 0.34529024 0.37815842]
[0.08887985 0.20027496 0.36294269 0.38665613]
[0.043567   0.3047454  0.02414246 0.51358567]
[0.07724458 0.26446823 0.07619868 0.32826093]
[0.04107728 0.42008828 0.08962869 0.56720943]
[0.00795083 0.38728555 0.08887726 0.45914084]
[0.03013306 0.33102709 0.00890533 0.63246453]
[0.02520351 0.24081234 0.2597814  0.44663718]
[0.04148995 0.25139981 0.06686493 0.47487281]
[0.06755158 0.24648796 0.14614465 0.43864833]
[0.03512303 0.25124969 0.01671887 0.58525839]
[0.03875243 0.28929348 0.0154199  0.657154  ]
[0.01790777 0.32228321 0.04967045 0.44791164]
[0.06583925 0.25953531 0.14193822 0.48971223]
[0.0178701  0.30405537 0.11139115 0.45259602]
[0.02949045 0.30190364 0.04395503 0.57692581]
[0.08057555 0.39605577 0.06268725 0.44256223]
[0.03672307 0.22256106 0.31541139 0.43300821]
[0.12508433 0.20943839 0.18139637 0.34955177]
[0.15023794 0.21410478 0.22411958 0.40715172]
[0.15477463 0.10791374 0.08589154 0.24444674]
[0.07811346 0.34180682 0.07953822 0.46248475]
[0.07850852 0.3342244  0.0411903  0.40517865]
[0.06889331 0.2546735  0.00060799 0.10688658]
[0.06915163 0.25358578 0.00056988 0.10501949]
[0.06883558 0.25557686 0.00053487 0.10127233]
[0.0748982  0.27505307 0.10384861 0.47057508]
[0.01903742 0.27828462 0.02633911 0.54948907]
[0.23316965 0.20311593 0.03166752 0.26866447]
[0.23321001 0.20304429 0.03281378 0.27353819]
[0.2332445  0.20299899 0.03354269 0.27429571]
[0.23329856 0.20293473 0.03327977 0.27097859]
[0.23335556 0.20288206 0.03601531 0.27219207]
[0.23338858 0.20285572 0.03542417 0.27972375]
[0.23344558 0.2027538  0.04156805 0.26976834]
[0.23346539 0.2027351  0.02912444 0.26335935]
[0.23349548 0.20269744 0.03012244 0.25960518]
[0.23353707 0.20265609 0.03330087 0.26648869]
[0.23361045 0.20255811 0.0347795  0.26484524]
[0.23364274 0.20251676 0.04472639 0.26963216]
[0.23360409 0.20256944 0.03028806 0.2655266 ]
[0.23359211 0.20255811 0.03011268 0.27236169]
[0.23358526 0.20255443 0.05029951 0.27808226]
[0.23348863 0.20269375 0.03610286 0.25986862]
[0.23343922 0.20276512 0.02798019 0.27200419]
[0.23339299 0.2027991  0.0325091  0.27073407]
[0.23335287 0.20287073 0.03021085 0.26840426]
[0.23335091 0.20282543 0.03131118 0.26614193]
[0.23330517 0.20287442 0.02893729 0.258766  ]
[0.23325796 0.20294237 0.03542848 0.25937524]
[0.23316182 0.20303297 0.03786063 0.26200359]
[0.2331447  0.20306326 0.03792263 0.27585862]
[0.23305713 0.20313858 0.0455018  0.26949401]
[0.23305762 0.20315386 0.03307053 0.26904098]
[0.23321466 0.20282543 0.03534208 0.26381641]
[0.23289225 0.2033843  0.03173325 0.26422294]
[0.23285434 0.203403   0.0335048  0.26320289]
[0.23260458 0.20362265 0.03001423 0.26305874]
[0.23258477 0.2035281  0.03496277 0.2598142 ]
[0.23237856 0.20370219 0.03529257 0.2691124 ]
[0.23215057 0.20362265 0.04910532 0.26526644]
[0.23172445 0.2034749  0.04735515 0.26695458]
[0.23168726 0.20350914 0.03581568 0.26247346]
[0.23156496 0.20356577 0.0418901  0.27073664]
[0.23158893 0.20349018 0.03677178 0.26296155]
[0.23428609 0.20240773 0.02714379 0.27022727]
[0.02498409 0.27157659 0.01339154 0.59231198]
[0.02305332 0.28364947 0.0987719  0.40212683]
[0.03559563 0.30466639 0.01011517 0.69140279]
[0.07825339 0.22645341 0.09601084 0.31626008]
[0.10824505 0.26457885 0.15398264 0.41751809]
[0.0966044  0.29556432 0.06945254 0.55617093]
[0.01826981 0.27464748 0.0073197  0.59202005]
[0.05529425 0.24513424 0.00158688 0.129173  ]
[0.03022846 0.25661454 0.19390068 0.45300497]
[0.02778448 0.38875516 0.01807532 0.59745066]
[0.07409488 0.3787945  0.07853576 0.47907834]
[0.07470569 0.39808899 0.13083647 0.33544061]
[0.07432139 0.39847878 0.12635571 0.36155121]
[0.07742291 0.36638451 0.06746066 0.51569502]
[0.07809096 0.39361697 0.04635279 0.57047773]
[0.077805   0.39558697 0.02322292 0.53990553]
[0.06344322 0.26748908 0.10365596 0.4469161 ]
[0.21282671 0.19441287 0.06727008 0.31366416]
[2.63148110e-02 3.46908300e-01 2.65406147e-04 5.87424938e-01]
[0.02568614 0.34539656 0.02965616 0.55524711]
[0.0205198  0.28541668 0.08441487 0.51445673]
[0.18480446 0.07667543 0.18796057 0.32535382]
[0.03239064 0.6658072  0.01419657 0.39018368]
[0.01369495 0.29695228 0.10784366 0.44864702]
[0.02798898 0.43638298 0.07526544 0.39621984]
[0.02595473 0.44202437 0.07353279 0.38696738]
[0.11271399 0.18270133 0.37482408 0.35578358]
[0.2770686  0.12569016 0.00141596 0.07511902]
[0.03516314 0.55804674 0.02519154 0.5838924 ]
[0.03550708 0.54553667 0.03248983 0.49554024]
[0.0303926  0.67440096 0.02393917 0.50000235]
[0.02661912 0.7623481  0.02515855 0.5191454 ]
[0.0509124  0.28761582 0.05110869 0.47767542]
[0.15642116 0.14866234 0.01718489 0.19757072]
[0.08497843 0.21796289 0.24587753 0.43051735]
[0.08185441 0.21943486 0.23035911 0.42924965]
[0.08921742 0.21725547 0.26935682 0.40655   ]
[0.06409219 0.28948574 0.03187918 0.48019256]
[0.10507015 0.2973052  0.02080963 0.45576597]
[0.17914399 0.22551607 0.13874995 0.32254359]
[0.03257141 0.35987137 0.0262785  0.45650301]
[0.03289211 0.36366917 0.0175973  0.45257756]
[0.03171403 0.36760918 0.01203845 0.48977599]
[0.03119372 0.37716161 0.01891886 0.4533771 ]
[0.03074925 0.38546566 0.01291202 0.42589803]
[0.03039676 0.39391457 0.01528621 0.45647295]
[0.08932505 0.22608574 0.18376853 0.39667842]
[0.03497038 0.2771811  0.04801678 0.55762908]
[0.04837351 0.30672331 0.03321863 0.53759832]
[0.05291607 0.30440565 0.03812004 0.52833774]
[0.0392402  0.27769467 0.08927342 0.5021013 ]
[0.07544786 0.36875747 0.02409008 0.50832277]
[0.07009635 0.25480519 0.09960408 0.50095203]
[0.07305256 0.24824727 0.07968302 0.41547441]
[0.06889233 0.25937202 0.09235107 0.4412964 ]
[0.07209439 0.26231123 0.08474464 0.42957997]
[0.05401074 0.27793697 0.06950463 0.50056624]
[0.07152565 0.26777879 0.07831039 0.40269238]
[0.07020569 0.27560615 0.13432656 0.41602519]
[0.02897699 0.36642665 0.01482436 0.5184246 ]
[0.03450463 0.37382998 0.02770248 0.49653613]
[0.03274509 0.36544165 0.02238822 0.45939601]
[0.11412274 0.42418368 0.04495212 0.44238676]
[0.08483337 0.23817337 0.33606066 0.36400222]
[0.10550606 0.25051225 0.2082099  0.40865057]
[0.04731138 0.21910064 0.17835408 0.40550266]
[0.06934096 0.2846213  0.0219292  0.44928409]
[0.05934195 0.27027027 0.01675487 0.47908021]
[0.07339282 0.27236406 0.06476538 0.52043635]
[0.03209441 0.30260157 0.02195984 0.52436669]
[0.05254474 0.23937434 0.04367413 0.55375371]
[0.02883976 0.44594595 0.0067845  0.69791271]
[0.03303032 0.23356176 0.03969596 0.52214704]
[0.02733389 0.34132749 0.02493706 0.50537263]
[0.07744786 0.30197738 0.09576698 0.41011936]
[0.08116141 0.19118474 0.31661047 0.4427827 ]
[0.08040896 0.35532297 0.03162603 0.50764792]
[0.05745472 0.21686832 0.16916045 0.38579546]
[0.13683041 0.16784674 0.38187515 0.27009427]
[0.13137396 0.20109588 0.36455153 0.30350549]
[0.11680743 0.16876985 0.41974165 0.29442109]
[0.07097673 0.33649202 0.0110889  0.49996845]
[0.06070276 0.27872445 0.14407242 0.44171897]
[0.15067409 0.23167603 0.14095872 0.32973144]
[0.08717266 0.24076493 0.16840893 0.51573557]
[0.08794565 0.23950602 0.17154357 0.48827406]
[0.0689119  0.22843316 0.15384237 0.48133149]
[0.07287717 0.22277913 0.19510662 0.42474291]
[0.01175807 0.48308375 0.00946488 0.64737245]
[0.03239945 0.46770294 0.00391123 0.58583328]
[0.0147358  0.43413644 0.00467516 0.60176337]
[0.04334293 0.28797137 0.09214812 0.48953984]
[0.1488397  0.18930191 0.2526363  0.44046136]
[0.09505695 0.40290076 0.04477027 0.4527554 ]
[0.04749093 0.37906841 0.00881982 0.50001152]
[0.04903716 0.22690377 0.10052979 0.43872686]
[0.11534461 0.22860066 0.05726965 0.24454141]
[0.04385468 0.38224728 0.0308909  0.47242064]
[0.12770322 0.17431405 0.4362208  0.33510046]
[0.09982187 0.18764268 0.4068024  0.37507714]
[0.22915718 0.11145291 0.01307422 0.17858477]
[0.02467367 0.43879282 0.04752903 0.48542464]
[0.0952272  0.22074039 0.31232858 0.31425817]
[0.15897889 0.1759372  0.05807455 0.26497481]
[0.01826369 0.31270971 0.0793924  0.44385343]
[0.01412793 0.40044088 0.0087756  0.54919708]
[0.13034387 0.14279499 0.33032975 0.3729752 ]
[0.05558192 0.23759922 0.05913799 0.41986712]
[0.05360663 0.20997988 0.20088341 0.44324097]
[0.04952199 0.3119196  0.01739497 0.58140204]
[0.06649532 0.31709745 0.04547568 0.50852634]
[0.01380185 0.24073859 0.13584145 0.48073925]
[0.05240653 0.28866403 0.0476522  0.42996254]
[0.07005916 0.24862126 0.07100588 0.45551903]
[0.07800681 0.2915927  0.16363438 0.34503065]
[0.07046645 0.3021275  0.15135916 0.34723669]
[0.04323016 0.2963597  0.03344353 0.51168231]
[0.04339381 0.29580399 0.02630635 0.49875679]
[0.04369885 0.29456878 0.0221563  0.44724894]
[0.04437229 0.29283581 0.0228506  0.53562979]
[0.04475683 0.29258034 0.01106106 0.44630838]
[0.04621353 0.29083156 0.03427309 0.45708577]
[0.04324851 0.29438443 0.02889367 0.52215965]
[0.04339161 0.29484006 0.02822063 0.46072988]
[0.04409685 0.29749482 0.03637289 0.530195  ]
[0.12305107 0.3380617  0.04194288 0.28146243]
[0.1217974  0.34260747 0.02767589 0.26935924]
[0.02451564 0.31792443 0.00418174 0.61289336]
[0.01118811 0.32689745 0.02486351 0.58873788]
[0.23134749 0.20095103 0.03643366 0.26025996]
[0.04784685 0.50493292 0.0297572  0.31742998]
[0.04790091 0.50493292 0.02907695 0.31029559]
[0.02654891 0.46348375 0.03399082 0.55119052]
[0.01227935 0.38393285 0.00229897 0.64687216]
[0.04836323 0.36969507 0.01655913 0.43253631]
[0.06525437 0.26187404 0.06808698 0.46701414]
[0.19675602 0.14554194 0.12853174 0.30992175]
[0.10252857 0.2314548  0.21280946 0.39237352]
[0.21592186 0.12259662 0.0455904  0.2760005 ]
[0.14068755 0.21440897 0.26941143 0.3697176 ]
[0.23177141 0.11263307 0.03914658 0.26913545]
[0.06972159 0.22862147 0.19823033 0.44661928]
[0.27982643 0.26275369 0.06357562 0.3001116 ]
[0.07165628 0.18477063 0.09630097 0.48568898]
[0.16173157 0.19898471 0.21132391 0.43390801]
[0.06628739 0.22850216 0.12114651 0.44064107]
[0.02161056 0.4000827  0.00581059 0.58560071]
[0.02287523 0.36239709 0.05909352 0.47911894]
[0.05151441 0.23854736 0.15711227 0.40188286]
[0.12427856 0.19970213 0.41916907 0.36843769]
[0.11158214 0.36572872 0.08790027 0.34323553]
[0.1399197  0.22181862 0.24685964 0.40907909]
[0.08656625 0.27852165 0.13790606 0.41324376]
[0.08418098 0.28681254 0.0627795  0.51492857]
[0.04602126 0.31698947 0.0048414  0.22452992]
[0.16344292 0.2222408  0.29810764 0.42730897]
[0.09119981 0.2052537  0.31737804 0.39771506]
[0.03498482 0.32906235 0.03850875 0.50494361]
[0.05378716 0.27284339 0.09108356 0.39235365]
[0.04316069 0.31177474 0.02248068 0.49533758]
[0.04008633 0.31794287 0.05313626 0.47057024]
[0.15805276 0.23195468 0.11862082 0.40585058]
[0.15643706 0.31106891 0.0646815  0.48574976]
[0.06017365 0.2472096  0.07886307 0.49765599]
[0.06148113 0.25372273 0.0706207  0.47642588]
[0.04972772 0.27397325 0.0411443  0.52396677]
[0.05662864 0.26403894 0.0388878  0.56172501]
[0.03694421 0.27759459 0.0442259  0.5064416 ]
[0.02527298 0.33430605 0.03558774 0.47129432]
[0.05131871 0.26099438 0.05617286 0.5408474 ]
[0.08607726 0.28754471 0.04687204 0.51529641]
[0.05780428 0.25639857 0.06359626 0.48606797]
[0.08741067 0.27348865 0.16566524 0.4512617 ]
[0.08852417 0.24854751 0.08281947 0.48347866]
[0.11679153 0.35796984 0.05324698 0.31632792]
[0.13644171 0.26289064 0.23356805 0.32889281]
[0.08725656 0.24754934 0.05623638 0.4506228 ]
[0.09716213 0.15610492 0.21680594 0.46091851]
[0.04329377 0.41150242 0.00464613 0.96291768]
[0.02184808 0.41628259 0.01278782 0.53257076]
[0.01425929 0.29266989 0.10740297 0.46045989]
[0.01843297 0.3023777  0.10796403 0.45065675]
[0.12554519 0.35090362 0.03529928 0.45428023]
[0.05653593 0.20043403 0.10732819 0.4605478 ]
[0.02429965 0.41890575 0.03233074 0.51855906]
[0.02131555 0.4448872  0.03936015 0.50994842]
[0.0193789  0.45878523 0.02356707 0.53701647]
[0.02128766 0.44163985 0.03519654 0.4921696 ]
[0.01903546 0.45612256 0.03542301 0.53759353]
[0.02493834 0.41480508 0.03373113 0.48316862]
[0.02232925 0.4266857  0.03948029 0.51190968]
[0.01401907 0.41566367 0.04007994 0.55961122]
[0.01410493 0.3203132  0.01320592 0.5891267 ]
[0.18400627 0.25775756 0.09457777 0.30734061]
[0.0319968  0.37837311 0.0681398  0.46157299]
[0.06948822 0.4494356  0.09940566 0.412914  ]
[0.04275047 0.38075661 0.01168694 0.35463204]
[0.04431823 0.35183332 0.00681833 0.54702045]
[0.04355771 0.35546519 0.03416493 0.46638867]
[0.04467121 0.35656081 0.00675681 0.53108764]
[0.03844347 0.28945414 0.05202739 0.51635268]
[0.04073555 0.2625904  0.07536631 0.48393482]
[0.05298212 0.22214678 0.1595167  0.4749351 ]
[0.02486056 0.24933236 0.15614255 0.47358585]
[0.02384735 0.70390367 0.00806598 0.75860402]
[0.05998798 0.39883959 0.00869505 0.52803219]
[0.06933265 0.21461782 0.20602554 0.44955449]
[0.08611004 0.30570143 0.07771264 0.40196306]
[0.14359068 0.14403414 0.00061433 0.0761253 ]
[0.0868615  0.63835615 0.01424917 0.42351183]
[0.22762538 0.26840824 0.06556002 0.27271283]
[0.05858779 0.22705652 0.17330862 0.45400651]
[0.05098163 0.28663871 0.02049653 0.52553351]
[0.0636098  0.25049382 0.19906025 0.413853  ]
[0.01964725 0.36903138 0.02910121 0.4486332 ]
[0.01832754 0.37385368 0.03245129 0.47777196]
[0.08781282 0.25297213 0.21455732 0.42110006]
[0.08485514 0.21835452 0.25142254 0.38177332]
[0.08088719 0.21229016 0.23033787 0.37463924]
[0.28479781 0.11533156 0.00348116 0.10893223]
[0.03729915 0.23012663 0.04974697 0.46302574]
[0.08518098 0.21680906 0.37816361 0.39481616]
[0.04950438 0.21069783 0.21537829 0.46129332]
[0.08880744 0.44292509 0.04847956 0.52430435]
[0.08289551 0.48809041 0.03663178 0.49572635]
[0.01602078 0.69441708 0.01298096 1.        ]
[0.07961811 0.24243996 0.08827862 0.51100892]
[0.07245349 0.23745437 0.10176371 0.51265016]
[0.073703   0.24008017 0.09327472 0.58473889]
[0.0455423  0.36643718 0.02415737 0.48085299]
[0.10545934 0.25573225 0.00562842 0.18551857]
[0.01827861 0.28323071 0.01027594 0.59131412]
[0.09787666 0.35416678 0.05862264 0.31269022]
[0.0486876  0.5644124  0.01008076 0.82348483]
[0.04774239 0.56975354 0.00592746 0.67114073]
[0.07834683 0.24031457 0.23594456 0.4047578 ]
[0.07315138 0.2565803  0.07967992 0.43122675]
[0.02552225 0.263981   0.07720465 0.46499039]
[0.02852102 0.38219724 0.02786708 0.529711  ]
[0.02545571 0.40645098 0.02996843 0.35004818]
[0.02540654 0.30033659 0.03575631 0.52382131]
[0.04171524 0.33479855 0.05094761 0.53003436]
[0.21634163 0.1619944  0.07782121 0.26597827]
[0.05675168 0.26021217 0.02022049 0.5150302 ]
[0.2766799  0.12329455 0.00149105 0.07826738]
[0.10056111 0.27438674 0.0659654  0.29149425]
[0.10238645 0.27646473 0.08338837 0.28060277]
[0.0558713  0.27696777 0.03351327 0.48057275]
[0.12868413 0.19442235 0.06188682 0.29586799]
[0.0919958  0.18526656 0.0291638  0.22116695]
[0.0817502  0.27015175 0.09989058 0.34481649]
[0.18747912 0.14050683 0.01868844 0.16790801]
[0.10301512 0.21064094 0.26057651 0.43086098]
[0.05075095 0.35806729 0.02007878 0.42468612]
[0.10403444 0.18354069 0.45941238 0.40059207]
[0.03916754 0.28030467 0.03065462 0.55658411]
[0.03056677 0.36495441 0.00337152 0.64613365]
[0.16257575 0.19365147 0.36305881 0.31804229]
[0.04085296 0.28498212 0.06110971 0.50192144]
[0.10117632 0.4362513  0.00585349 0.20693787]
[0.11680547 0.31306526 0.12820257 0.47606213]
[0.07376073 0.30650471 0.09775564 0.53785913]
[0.10149971 0.22534251 0.10441663 0.50587796]
[0.08026464 0.236738   0.16299149 0.50483038]
[0.05970594 0.42136563 0.04875338 0.48214242]
[0.09903738 0.23792844 0.18719621 0.40281298]
[0.03494812 0.31861973 0.0106298  0.5175714 ]
[0.03555258 0.31845381 0.00858341 0.55603505]
[0.02565018 0.34245208 0.03133841 0.42892307]
[0.15289498 0.19123294 0.22637958 0.39683548]
[0.08282897 0.49090583 0.03726502 0.50753378]
[0.0902228  0.43618282 0.06252167 0.52449016]
[0.15978221 0.25183437 0.16485045 0.44692922]
[0.1620053  0.2922959  0.16218809 0.4019674 ]
[0.16013862 0.25083093 0.16185283 0.42955147]
[0.16321078 0.29169015 0.16432562 0.39831532]
[0.16475285 0.2508204  0.19511968 0.43434929]
[0.16519194 0.28829795 0.17397411 0.41863543]
[0.02910615 0.27948295 0.01797881 0.60383398]
[0.05610663 0.21700633 0.21714147 0.43363172]
[0.02038062 0.36163068 0.04498429 0.43471532]
[0.0179019  0.36313979 0.00694813 0.68674882]
[0.1319356  0.19018051 0.43025188 0.41524714]
[0.0996839  0.17919641 0.43428978 0.38647158]
[0.08290945 0.217847   0.19329429 0.38562206]
[0.02290263 0.43319357 0.01249587 0.62485381]
[0.05130844 0.30176142 0.02666501 0.54916566]
[0.0916844  0.23270713 0.22213951 0.33001586]
[0.09136615 0.23289017 0.23505088 0.34274119]
[0.14648232 0.16581537 0.24794689 0.41758689]
[0.18440867 0.24253741 0.08076591 0.46089829]
[0.08571302 0.31999716 0.03501366 0.40416814]
[0.0863933  0.31807455 0.04296825 0.40551401]
[0.08698283 0.32481156 0.04834359 0.48629509]
[0.10613327 0.25832644 0.0546307  0.4031038 ]
[0.05889405 0.28993874 0.01962454 0.52375852]
[0.05110736 0.28993874 0.02532036 0.51680838]
[0.05901685 0.2379021  0.06122532 0.45019974]
[0.0316174  0.39480213 0.02997056 0.32356101]
[0.02913232 0.39560804 0.03000587 0.32833266]
[0.03096818 0.39687485 0.02817295 0.33320931]
[0.03167905 0.39493382 0.03280918 0.33426164]
[0.02587841 0.30836147 0.01090401 0.52468021]
[0.0253564  0.3109899  0.00860107 0.60469369]
[0.04534709 0.377849   0.01593672 0.77288399]
[0.04312669 0.39495752 0.02308758 0.81756891]
[0.23160214 0.20108166 0.02692693 0.26320339]
[0.03665678 0.40710678 0.02443709 0.86178204]
[0.03697625 0.42058605 0.01788712 0.67421817]
[0.04303618 0.43782625 0.05190315 0.39214424]
[0.04193222 0.44559303 0.04765593 0.41529632]
[0.04024166 0.45483995 0.04411143 0.41629977]
[0.04038623 0.45910128 0.04051555 0.43694143]
[0.05848725 0.30612546 0.02657116 0.50220525]
[0.0640303  0.2757905  0.03387454 0.51680404]
[0.07084194 0.27231665 0.03217809 0.51813327]
[0.06788182 0.26207946 0.05217568 0.4390194 ]
[0.02845791 0.38228152 0.0098644  0.54223877]
[0.0814892  0.34948142 0.04186222 0.26180794]
[0.04459856 0.42652504 0.02804427 0.50006902]
[0.03200708 0.38768061 0.05260868 0.34423944]
[0.27706811 0.12569042 0.00144731 0.07859119]
[0.29298322 0.14134356 0.00395903 0.12020294]
[0.19096884 0.15624187 0.0152762  0.18918432]
[0.05937766 0.31298625 0.07884164 0.41787514]
[0.11278811 0.19256559 0.29544381 0.42058182]
[0.04804499 0.2298385  0.21026105 0.4670899 ]
[0.0406443  0.25068345 0.02209084 0.46211973]
[0.04017488 0.29000195 0.01678118 0.58449437]
[0.04082361 0.28978599 0.00924563 0.4986142 ]
[0.03386544 0.28921974 0.01262241 0.639908  ]
[0.0446761  0.32708181 0.02567686 0.49015265]
[0.10569613 0.19538391 0.09278244 0.55022026]
[0.15563006 0.14896654 0.43493842 0.27280034]
[0.02075953 0.4613926  0.02987334 0.47773216]
[0.02262597 0.45954637 0.02743849 0.49175238]
[0.02361398 0.46059722 0.01916655 0.47413062]
[0.05069714 0.23386991 0.21262214 0.40728623]
[0.06577565 0.1750212  0.36505246 0.39699385]
[0.04813525 0.41029092 0.02175409 0.54900724]
[0.04474435 0.47862753 0.01554394 0.51453627]
[0.07307188 0.23590312 0.23056143 0.34505829]
[0.08000975 0.23550807 0.23658975 0.3426667 ]
[0.07516263 0.23994848 0.17255213 0.34516204]
[0.07643612 0.23689339 0.19126903 0.34212611]
[0.06265481 0.238629   0.2514666  0.37635427]
[0.07062521 0.23317724 0.24590246 0.35984284]
[0.0754799  0.23319304 0.24007739 0.35150769]
[0.02405943 0.29535099 0.00117218 0.48809137]
[0.04604548 0.27740496 0.11534074 0.48779621]
[0.04243491 0.27244307 0.10863764 0.47550464]
[0.0981658  0.21310819 0.09764011 0.49359073]
[0.2006002  0.13651677 0.06652747 0.29804624]
[0.06426611 0.33735324 0.06055706 0.46201962]
[0.04496744 0.31030514 0.13898627 0.44007501]
[0.02632631 0.29831917 0.11641215 0.47082212]
[0.08121694 0.21686779 0.25987107 0.41795231]
[0.03268394 0.50147487 0.00082807 0.75503481]
[0.04425756 0.2628169  0.14075993 0.4280216 ]
[0.0847255  0.4681454  0.04080681 0.58057799]
[0.03082288 0.40914789 0.02385744 0.48185135]
[0.09386468 0.19412079 0.30319477 0.41758911]
[0.15338765 0.13993953 0.42078556 0.36248239]
[0.06745153 0.16742561 0.09697873 0.36452944]
[0.06206186 0.26300653 0.05167865 0.38521684]
[0.00851247 0.38418569 0.03240863 0.49025787]
[0.05209709 0.34740344 0.01694514 0.55459052]
[0.06539967 0.27112359 0.09862392 0.554612  ]
[0.05362571 0.23259098 0.05104867 0.37712652]
[0.03101589 0.40115198 0.03825398 0.34407143]
[0.03285762 0.39923201 0.03683268 0.33667371]
[0.06269126 0.6949965  0.01916982 0.58991332]
[0.06911029 0.31131121 0.11887214 0.49593451]
[0.08138034 0.64914115 0.00114913 0.50339069]
[0.07823064 0.24753881 0.00130863 0.09686399]
[0.04378276 0.28093412 0.03059943 0.4667616 ]
[0.04060468 0.26992789 0.03507974 0.47179199]
[0.06889258 0.25522921 0.0004523  0.09783426]
[0.05415702 0.21641401 0.13172282 0.46194532]
[0.18537148 0.20727902 0.00627172 0.17179896]
[0.02604793 0.28209558 0.10068499 0.39208664]
[0.05616876 0.27681501 0.1168003  0.40337849]
[0.14806989 0.25472617 0.18546966 0.35221492]
[0.05256553 0.22922064 0.13372943 0.43167535]
[0.06231039 0.33960768 0.00855083 0.51843373]
[0.0380379  0.27370461 0.0422767  0.61680409]
[3.45056093e-02 5.14624935e-01 5.16927534e-04 5.94077697e-01]
[0.08710465 0.25496321 0.04277155 0.45904002]
[0.01833683 0.37823616 0.00080849 0.67447293]
[0.01206677 0.37860224 0.02315281 0.50622795]
[0.04698506 0.28925661 0.01996038 0.50692742]
[0.04224631 0.2839181  0.03015787 0.6327202 ]
[0.05343075 0.22676208 0.02034477 0.72068706]
[0.08056919 0.24467861 0.03212476 0.29200266]
[0.06873725 0.29659937 0.05738231 0.42297255]
[0.17896444 0.15539329 0.33050716 0.3747728 ]
[0.21722029 0.15927036 0.41266851 0.38183733]
[0.         0.62747107 0.01607301 0.45932459]
[0.02902445 0.31422935 0.03453706 0.54839866]
[0.03050145 0.31146924 0.026582   0.4998246 ]
[0.03954866 0.26621174 0.05025789 0.50484238]
[0.02792856 0.44036514 0.00855858 0.7024193 ]
[0.07930745 0.27515842 0.03072177 0.41184109]
[0.13745394 0.24383583 0.03919146 0.40008123]
[0.11790479 0.1910686  0.16211781 0.4997895 ]
[0.02793639 0.68890212 0.03499541 0.4609173 ]
[0.05736714 0.38923712 0.03080153 0.48368692]
[0.04496133 0.18578803 0.04806036 0.59335886]
[0.02729157 0.2152241  0.04579314 0.55322553]
[0.16705545 0.2303684  0.22175298 0.29173509]
[0.0596416  0.2379021  0.06095393 0.44997791]
[0.09378102 0.32578866 0.10288645 0.45580647]
[0.09549775 0.35400612 0.06130173 0.49388362]
[0.02004745 0.31205918 0.00606275 0.57289964]
[0.01199706 0.3100207  0.0192225  0.58733677]
[0.02829524 0.26577191 0.00060952 0.2695268 ]
[0.07584316 0.40411753 0.02487679 0.49352708]
[0.08034536 0.40260052 0.02438511 0.52851604]
[0.0889799  0.4597755  0.02111159 0.54502328]
[0.02496648 0.30499297 0.07415391 0.49517063]
[0.07822599 0.32880952 0.01190427 0.28786689]
[0.07812545 0.33532265 0.01442158 0.30519934]
[0.0863752  0.24277444 0.03223127 0.32536325]
[0.08805842 0.43598529 0.07128438 0.55540892]
[0.08765211 0.436009   0.07032305 0.50924734]
[0.08676317 0.4408392  0.06034335 0.5214802 ]
[0.08749482 0.43855052 0.06176558 0.56168516]
[0.04055257 0.37075645 0.02594527 0.36831024]
[0.03687131 0.26673058 0.12566146 0.49794061]
[0.02596427 0.32926251 0.0482367  0.40658409]
[0.08339967 0.48237528 0.03661189 0.50903863]
[0.04966901 0.35784079 0.03882461 0.56224582]
[0.03573531 0.35686105 0.01588215 0.59941762]
[0.04152371 0.29029692 0.1000226  0.47293006]
[0.04032973 0.42042276 0.01273628 0.53190695]
[0.03958609 0.42781029 0.00132682 0.54564679]
[0.06825315 0.27508204 0.03515375 0.46932191]
[0.09769736 0.28194019 0.18687209 0.35866265]
[0.10994319 0.26860314 0.13513625 0.34890203]
[0.1102974  0.27207962 0.16011821 0.33706722]
[0.02675048 0.30482441 0.00072349 0.60047368]
[0.04156603 0.23897138 0.0388731  0.58219028]
[0.03354377 0.2457716  0.0397802  0.61918206]
[0.02990336 0.263981   0.00398481 0.55969313]
[0.08039404 0.28686785 0.04167868 0.46051522]
[0.03768247 0.3116615  0.00478646 0.36418959]
[0.0434716  0.31097147 0.03900659 0.46968143]
[0.08725901 0.21572292 0.12593047 0.46168244]
[0.06298554 0.33273109 0.0257589  0.33381582]
[0.0865819  0.55499955 0.00668187 0.2061221 ]
[0.08856845 0.24635364 0.05378452 0.5255664 ]
[0.1537399  0.21346479 0.45151393 0.3346318 ]
[0.07043832 0.30671277 0.10757386 0.4873398 ]
[0.07321719 0.40505249 0.11975295 0.34499797]
[0.07252858 0.38812043 0.0628726  0.48019684]
[0.0702463  0.39883696 0.17413985 0.40452281]
[0.07053519 0.39902658 0.17109868 0.40112479]
[0.0696142  0.40924007 0.15808879 0.38773342]
[0.27762486 0.12525455 0.00138259 0.07647115]
[0.27731787 0.12496589 0.00125023 0.08316077]
[0.27808352 0.12466038 0.00125903 0.07812958]
[0.27821806 0.12449762 0.00138823 0.07535355]
[0.06940261 0.23185987 0.11868007 0.46579582]
[0.10787446 0.21016529 0.32011929 0.32444811]
[0.03985076 0.27808182 0.02656853 0.5295722 ]
[0.06247746 0.24537127 0.22274353 0.36570741]
[0.04958437 0.35869411 0.04149189 0.61025528]
[0.09752686 0.24545028 0.07622379 0.49937203]
[0.04188843 0.343337   0.01381639 0.59246975]
[0.04608657 0.52892329 0.01805231 0.27907079]
[0.07855549 0.35060075 0.07735185 0.40760676]
[0.03109636 0.40958772 0.01853195 0.51724693]
[0.04813329 0.22623007 0.02009349 0.62328521]
[0.05187473 0.21893762 0.02302    0.66466722]
[0.02857998 0.40380412 0.00107989 0.50989042]
[0.02864211 0.40394107 0.00127541 0.50584866]
[0.01828693 0.37689824 0.00098845 0.6309674 ]
[0.02863673 0.30870385 0.22560451 0.43618108]
[0.03030625 0.25309065 0.01305816 0.70361154]
[0.05009709 0.24573209 0.03021887 0.31194596]
[0.03933388 0.2520477  0.01061913 0.53358975]
[0.04058878 0.24928758 0.01809498 0.49820173]
[0.06762595 0.23742277 0.0669086  0.60843095]
[0.19970978 0.13004735 0.17537898 0.3403101 ]
[0.28912192 0.23116141 0.08481515 0.35876191]
[0.25612292 0.21963054 0.28133327 0.3624664 ]
[0.05080281 0.30950186 0.04390525 0.50079169]
[0.11503859 0.20527714 0.12608464 0.31926994]
[0.10155181 0.18605588 0.23871097 0.3732112 ]
[0.09752344 0.23974306 0.09666793 0.54978594]
[0.09663596 0.24059374 0.1109504  0.56896577]
[0.0969931  0.23963771 0.0885239  0.49796482]
[0.09549188 0.23979573 0.09595605 0.53033189]
[0.09397305 0.24095983 0.09319158 0.51680419]
[0.0913094  0.24107571 0.08697935 0.56750166]
[0.027295   0.27821614 0.02946092 0.54633813]
[0.0145088  0.31088719 0.13938769 0.40306537]
[0.04101979 0.33523048 0.00470771 0.49203816]
[0.09980377 0.30994959 0.15216031 0.44305612]
[0.05271793 0.46171917 0.0397987  0.5473426 ]
[0.04971818 0.4906451  0.11646706 0.39035532]
[0.11182358 0.46106602 0.01929492 0.30782259]
[0.02268932 0.3459391  0.01201683 0.69915221]
[0.08637594 0.25689634 0.10793624 0.42755127]
[0.14824406 0.10957166 0.16344655 0.3277789 ]
[0.04395815 0.2937102  0.03673327 0.52316245]
[0.0420242  0.28791869 0.03086247 0.66020295]
[0.04574998 0.28375481 0.02357685 0.56504899]
[0.04365507 0.28376798 0.02673777 0.64906629]
[0.03156456 0.30442409 0.02834678 0.53948413]
[0.01450073 0.33079532 0.02696523 0.54721918]
[0.055192   0.28263022 0.05389986 0.49806166]
[0.05511348 0.28270923 0.04588594 0.48432253]
[0.18049918 0.25377541 0.17568646 0.3225445 ]
[0.20306668 0.13232682 0.00986845 0.1673769 ]
[0.03313966 0.35896538 0.02137467 0.49219769]
[0.04338501 0.3356782  0.01902655 0.49584186]
[0.03739088 0.40574252 0.02480069 0.49204583]
[0.04227469 0.37057209 0.02805981 0.49767521]
[0.09666825 0.22215258 0.19548475 0.31352117]
[0.03934049 0.32306542 0.00529736 0.56602566]
[0.03957655 0.32257291 0.00663663 0.59809923]
[0.02905576 0.30467166 0.01605516 0.54792525]
[0.04736886 0.25042798 0.04031894 0.44615404]
[0.06855452 0.41438632 0.11882006 0.46232971]
[0.06371841 0.35647653 0.06986264 0.44540444]
[0.04161177 0.29601995 0.07767472 0.46765934]
[0.0571213  0.25107323 0.09706586 0.44076857]
[0.09039232 0.20065895 0.33369969 0.3971837 ]
[0.12553614 0.15799986 0.41345747 0.3234841 ]
[0.04065531 0.27404173 0.17783014 0.38625959]
[0.04525365 0.28338873 0.02441701 0.54696684]
[0.14379494 0.19365779 0.19977333 0.42746568]
[0.02838208 0.28811359 0.02953195 0.4875414 ]
[0.02242636 0.35256285 0.01261103 0.49950846]
[0.09100583 0.31450853 0.13051462 0.47175769]
[0.05944518 0.42488952 0.03014916 0.50433508]
[0.19464178 0.21220219 0.29885566 0.43237254]
[0.19858038 0.20204349 0.32489008 0.43618224]
[0.27599473 0.12666937 0.00146895 0.07774318]
[0.27575084 0.12686374 0.00165407 0.0830021 ]
[0.27808842 0.12460955 0.00136951 0.07565749]
[0.0377309  0.2803152  0.01409625 0.42763258]
[0.05169591 0.23824448 0.0612884  0.47051682]
[0.04791387 0.21079343 0.12690622 0.46983809]
[0.04538892 0.32109804 0.04257918 0.49588972]
[0.04277517 0.33332631 0.0009617  0.45629355]
[0.03748359 0.32812475 0.01829529 0.49112529]
[0.04998383 0.33910728 0.01096075 0.54889607]
[0.05514356 0.48572271 0.00187979 0.5579086 ]
[0.09136615 0.23289017 0.21914235 0.36788167]
[0.08894198 0.20723846 0.20772068 0.36462805]
[0.24459186 0.10335691 0.03062222 0.23005556]
[0.02067807 0.31287036 0.05704903 0.49958669]
[0.06770153 0.24264013 0.092164   0.50584881]
[0.06770153 0.24264013 0.08156391 0.46502705]
[0.02278081 0.54779638 0.00268556 0.69163495]
[0.05707409 0.19792043 0.29378059 0.42235026]
[0.17315329 0.1665852  0.18428515 0.22802761]
[0.17483553 0.17164585 0.43089634 0.37516056]
[0.03578912 0.32725036 0.01762539 0.32167485]
[0.01921843 0.39000353 0.05087365 0.39212356]
[0.01870131 0.3922211  0.04686067 0.38374755]
[0.13815111 0.18709276 0.02734628 0.22917809]
[0.07046645 0.3021275  0.1567129  0.34591689]
[0.03022699 0.41359094 0.06005661 0.60865742]
[0.02457949 0.26487909 0.11632017 0.4813623 ]
[0.04364748 0.23212719 0.0134836  0.36057237]
[0.0712414  0.21675507 0.15519977 0.3620979 ]
[0.09356184 0.16592546 0.01821239 0.19203192]
[0.13097303 0.23328786 0.06102596 0.46819599]
[0.09022598 0.21968928 0.33443867 0.35183916]
[0.21232328 0.16183901 0.07283477 0.27922301]
[0.05114626 0.31350772 0.03933916 0.44836552]
[0.04788232 0.30970729 0.03897511 0.50086145]
[0.03542733 0.28777384 0.00764946 0.64895185]
[0.0160521  0.28218249 0.02917506 0.4987978 ]
[0.11150728 0.37617134 0.05996488 0.33677413]
[0.10677783 0.3866956  0.07880883 0.37991516]
[0.01713013 0.32953115 0.01508656 0.50244231]
[0.04917953 0.22759169 0.09378302 0.37080221]
[0.04718173 0.2286939  0.09184552 0.36044143]
[0.04744812 0.2266404  0.09009616 0.37036698]
[0.29254193 0.1598287  0.21879544 0.36358878]
[0.01079941 0.28401818 0.22777865 0.47175078]
[0.05766631 0.2649581  0.07601456 0.52526186]
[0.05751612 0.26423383 0.07755462 0.46549658]
[0.01909319 0.27447629 0.02688699 0.51364474]
[0.01842538 0.39990361 0.0109986  0.48119006]
[0.03040801 0.38226572 0.0299807  0.59804572]
[0.06522551 0.27709682 0.0892319  0.44018607]
[0.02399485 0.27468698 0.02249401 0.54747278]
[0.13361124 0.23973252 0.15209379 0.42281236]
[0.22867577 0.38399343 0.03946791 0.42240538]
[0.02751002 0.35803305 0.00145126 0.57194309]
[0.01999265 0.27127371 0.0260166  0.58528957]
[0.05661054 0.59377288 0.05012315 0.39764969]
[0.02549314 0.33596264 0.10254861 0.40700878]
[0.09666458 0.16585619 0.01673167 0.1983118 ]
[0.13502073 0.32009987 0.05491135 0.46868231]
[0.0888023  0.24143653 0.06920194 0.51350013]
[0.14187566 0.23808383 0.16600817 0.40613414]
[0.11102514 0.16857917 0.36868829 0.30948299]
[0.09270519 0.19521299 0.33246707 0.38258002]
[0.13361833 0.1492515  0.15333079 0.29821586]
[0.0538285  0.24503943 0.01837165 0.24695535]
[0.05682898 0.22609496 0.13802971 0.46406743]
[0.0914004  0.28585651 0.10584004 0.43419556]
[0.01463722 0.2958435  0.09163108 0.41591387]
[0.0132703  0.29609106 0.06848128 0.40430931]
[0.03903423 0.29667311 0.07907465 0.43595003]
[0.04513917 0.26453407 0.16799101 0.4582591 ]
[0.07169248 0.2427165  0.25435542 0.34935597]
[0.02767513 0.39114392 0.05635104 0.57695739]
[0.08266875 0.22783531 0.08158533 0.55592156]
[0.06207898 0.24106254 0.12624133 0.45223156]
[0.05591851 0.40651419 0.02083549 0.53808625]
[0.05487179 0.44833735 0.02017725 0.52381516]
[0.08924702 0.34348712 0.07845428 0.37510125]
[0.01202103 0.38268448 0.04959279 0.48935786]
[0.0152588  0.37429614 0.0481859  0.45253842]
[0.18863225 0.2839181  0.22268676 0.34699494]
[0.05311201 0.48004446 0.00892632 0.52376684]
[0.03658731 0.51253378 0.02118955 0.42772831]
[0.19655788 0.13992821 0.00590344 0.17437385]
[0.0862299  0.29405258 0.05035754 0.51620893]
[0.08700289 0.29346526 0.05650893 0.5127361 ]
[0.08660783 0.29127139 0.05183094 0.52633729]
[0.08484194 0.29842715 0.05085312 0.51593031]
[0.08367144 0.30470326 0.04159691 0.47242276]
[0.02479084 0.42781292 0.04801169 0.37066209]
[0.0274858  0.41790758 0.06790213 0.37361803]
[0.03070864 0.40528952 0.07575426 0.36596222]
[0.02947528 0.39832075 0.07377256 0.35430959]
[0.03041119 0.40913209 0.07689943 0.37281461]
[0.11662225 0.35305536 0.05499886 0.3376347 ]
[0.11983654 0.37517053 0.00044821 0.11003424]
[0.10345103 0.22182679 0.08194316 0.49616839]
[0.02499387 0.43071789 0.03321343 0.36910433]
[0.02438355 0.42021733 0.06474053 0.36434767]
[0.02765238 0.41004862 0.05966986 0.36342244]
[0.02372284 0.43462104 0.03506739 0.36262457]
[0.0271925  0.42400723 0.06886631 0.38704863]
[0.02909685 0.41724915 0.06274005 0.3716602 ]
[0.02730233 0.42808683 0.07006861 0.38194542]
[0.06707458 0.24570312 0.17173326 0.38526733]
[0.04580282 0.24488931 0.01290243 0.68754649]
[0.05072845 0.25208721 0.03406404 0.49733506]
[0.05844836 0.25239008 0.10690167 0.61257031]
[9.91584642e-03 2.78292520e-01 2.36217031e-04 6.27182312e-01]
[0.0511536  0.52775129 0.11300575 0.44337221]
[0.03737987 0.40829721 0.04986279 0.46961389]
[0.1743096  0.15977024 0.01109439 0.16513546]
[0.20502681 0.17069298 0.02511092 0.21157923]
[0.05974679 0.36526782 0.03096901 0.50128245]
[0.12418487 0.327519   0.04011416 0.32543931]
[0.05187057 0.21499708 0.29631461 0.34692266]
[0.03162719 0.32770073 0.00107328 0.73437959]
[0.11533801 0.35405353 0.04447218 0.33078689]
[0.03099485 0.25909548 0.13327571 0.51035838]
[0.0239814  0.38162046 0.03117365 0.56602733]
[0.04039749 0.29897233 0.03900526 0.52332899]
[0.01803375 0.39327722 0.02257627 0.56553279]
[0.0282813  0.32197243 0.02247957 0.58040424]
[0.05007361 0.3121461  0.02207099 0.58131302]
[0.04918589 0.31766633 0.0140874  0.57811251]
[0.11692705 0.349542   0.07236405 0.33808465]
[0.16304811 0.11484854 0.18890807 0.29863293]
[0.05461935 0.23107239 0.13018899 0.45540524]
[0.09625778 0.2238284  0.21100834 0.39665728]
[0.04520056 0.46119507 0.0257945  0.50533874]
[0.0796734  0.22355212 0.16164822 0.43997408]
[0.20848693 0.22449973 0.10833973 0.35794023]
[0.19585754 0.22626088 0.10693792 0.32129183]
[0.06926684 0.30152965 0.07231628 0.52641905]
[0.08429986 0.47424505 0.03842082 0.53606658]
[0.08864991 0.44937766 0.05499426 0.52048911]
[0.10261394 0.19094982 0.23940271 0.42879582]
[0.0576147  0.27330429 0.01924042 0.5630097 ]
[0.05802908 0.38086722 0.02599064 0.45973374]
[0.06582555 0.25520024 0.18904261 0.38706371]
[2.90229799e-02 3.39578713e-01 6.93930498e-04 7.10694686e-01]
[0.0411355  0.24823674 0.06270118 0.56599464]
[0.04713868 0.2726327  0.02915373 0.53466462]
[0.03253227 0.29294643 0.01882394 0.46291493]
[0.04518466 0.30386048 0.09050928 0.46333578]
[0.0161612  0.48982602 0.00589615 0.65640445]
[0.10948772 0.15109667 0.21351879 0.40501644]
[0.03144079 0.32069245 0.02316984 0.4859611 ]
[0.06392707 0.27502673 0.18032297 0.43766778]
[0.02675659 0.32037641 0.01698144 0.48974462]
[0.02764994 0.31895684 0.01232872 0.56299896]
[0.02662401 0.2898571  0.04217709 0.49028964]
[0.02614676 0.31371051 0.01054383 0.56572132]
[0.02542342 0.31317061 0.01163844 0.54173046]
[0.02526418 0.31796657 0.01485811 0.59448019]
[0.02570131 0.31840903 0.01405973 0.57607367]
[0.02669324 0.31659705 0.01486558 0.55835462]
[0.02552029 0.31701317 0.01551796 0.55418455]
[0.02285542 0.31996028 0.01265412 0.51661919]
[0.0253087  0.3176637  0.02027575 0.52394261]
[0.02427494 0.28657814 0.01349115 0.52159853]
[0.02401026 0.28787392 0.01112889 0.48539312]
[0.03045057 0.28748413 0.0116866  0.49895572]
[0.03096134 0.28643329 0.01153331 0.50274095]
[0.0381399  0.28665978 0.01868158 0.57463913]
[0.02170571 0.32174593 0.0035737  0.60843201]
[0.02217881 0.31858286 0.01236322 0.5004637 ]
[0.0223948  0.31880409 0.00965985 0.48113231]
[0.0524442  0.27535594 0.01156676 0.6209101 ]
[0.0600237  0.21239208 0.21994796 0.38527934]
[0.14072498 0.20901226 0.2402479  0.33557135]
[0.02670669 0.34200435 0.0584851  0.44732954]
[0.01401956 0.3631872  0.06313365 0.47316918]
[0.09653126 0.25513176 0.12940163 0.41763273]
[0.13425947 0.22916638 0.35268209 0.34470598]
[0.02414187 0.49173808 0.0439491  0.45807258]
[0.02767073 0.48579382 0.04225962 0.43150366]
[0.02756334 0.48888315 0.04276274 0.45564088]
[0.0227879  0.49406364 0.04533477 0.45979683]
[0.05084905 0.24514477 0.17340199 0.39856044]
[0.05337351 0.37199166 0.01940468 0.47059152]
[0.0407309  0.30212487 0.02813379 0.65852918]
[0.09944687 0.23522889 0.25384997 0.38281017]
[0.07754717 0.84311841 0.02177653 0.50219128]
[0.05148187 0.29819802 0.01967454 0.49757302]
[0.14943706 0.47829305 0.02516525 0.53633496]
[0.14947473 0.18928242 0.26082562 0.29054406]
[0.13036515 0.23891081 0.04804882 0.45541528]
[0.07833509 0.37630566 0.0304497  0.56123692]
[0.04101784 0.29905134 0.03465982 0.50484531]
[0.20483552 0.2206324  0.19591128 0.40205011]
[0.01268077 0.31375792 0.02448867 0.47028012]
[0.0893368  0.44562463 0.03390873 0.48180459]
[0.00201321 0.34084552 0.04523428 0.42861132]
[0.03557753 0.3996455  0.01006703 0.52921374]
[0.07831356 0.15329976 0.02158079 0.52228398]
[0.0891707  0.13595817 0.13275699 0.40998061]
[0.02375146 0.32092158 0.04182189 0.56753294]
[0.1124087  0.19618877 0.20896174 0.27465775]
[0.09973063 0.22578524 0.32584769 0.35123724]
[0.02120033 0.35494635 0.00728467 0.67860891]
[0.02315483 0.3512302  0.00613991 0.71969753]
[0.06388255 0.38744621 0.03006944 0.51841955]
[0.02221256 0.32530406 0.09798258 0.43940157]
[0.05857825 0.35803568 0.01342658 0.64190366]
[0.06898896 0.31632578 0.05466349 0.48275589]
[0.14616554 0.2376282  0.1681764  0.44913273]
[0.07280818 0.3172107  0.05412252 0.45453494]
[0.1383084  0.24646162 0.16864734 0.38636662]
[0.02591119 0.32930728 0.0593692  0.46645232]
[0.01611912 0.55167319 0.03979004 0.51495137]
[0.09557505 0.44063904 0.02483687 0.32805283]
[0.03789969 0.32369224 0.0568162  0.48533698]
[0.03331187 0.3444932  0.0011429  0.66221298]
[0.0219836  0.36748276 0.04769376 0.48391283]
[0.07868881 0.24072279 0.18258787 0.34227076]
[0.06809096 0.24571102 0.16126918 0.34945009]
[0.04219127 0.28571692 0.08468148 0.43278618]
[0.05561519 0.28471611 0.00825705 0.53099065]
[0.02156432 0.37027975 0.0411521  0.51995028]
[0.13252293 0.41571897 0.01458873 0.23070373]
[0.27447443 0.12611392 0.00134331 0.07218996]
[0.27222443 0.12808288 0.00554048 0.10701772]
[0.27216205 0.13030361 0.00161799 0.08149018]
[0.27341572 0.12896596 0.00278644 0.12172364]
[0.27084233 0.13105501 0.00207617 0.09596247]
[0.15087908 0.24371204 0.07611488 0.44143894]
[0.04809489 0.24854225 0.05341294 0.42681579]
[0.02781334 0.24858702 0.06714374 0.41006257]
[0.04794836 0.24733075 0.0533663  0.40397027]
[0.10226781 0.24816036 0.14612424 0.48935811]
[0.10320983 0.24137332 0.18499697 0.44910595]
[0.10678224 0.2453186  0.29354546 0.40534167]
[0.03850194 0.30135846 0.03479752 0.45264167]
[0.11250288 0.30364188 0.04703783 0.49441735]
[0.06168588 0.25702013 0.04723495 0.54851123]
[0.11242338 0.3054881  0.04622234 0.50462908]
[0.02719348 0.2678499  0.0508484  0.61330756]
[0.02530625 0.2700069  0.06257973 0.59003498]
[0.07992046 0.24213709 0.00119718 0.09600363]
[0.02627714 0.31376582 0.0238958  0.59949534]
[0.02498091 0.43886919 0.00789965 0.59559405]
[0.01134246 0.24868973 0.01877314 0.54989473]
[0.04537009 0.40877917 0.03622719 0.5300568 ]
[0.03916852 0.36543374 0.01267863 0.35302979]
[0.03897454 0.36455145 0.01271305 0.35409553]
[0.06273578 0.25345146 0.03822541 0.52144238]
[0.10797867 0.20498559 0.15366963 0.38818842]
[0.06342879 0.26547694 0.10421858 0.40978506]
[0.0822688  0.26060459 0.12133344 0.39859252]
[0.04639039 0.2870364  0.05335408 0.57928609]
[0.02987376 0.34495146 0.03645065 0.5046541 ]
[0.11672744 0.23136815 0.20406316 0.36092074]
[0.07018857 0.19377525 0.03029249 0.44474386]
[0.07018857 0.19377525 0.02658141 0.52958763]
[0.02827494 0.29111337 0.02343082 0.47118018]
[0.13608751 0.28985973 0.08182286 0.49567153]
[0.01036937 0.54489405 0.06753611 0.57475004]
[0.06676122 0.27086285 0.14959328 0.48576525]
[0.04724411 0.2539308  0.05177605 0.50051338]
[0.02628717 0.30331003 0.09038738 0.47473915]
[0.06234708 0.30956507 0.01542715 0.46821597]
[0.09066752 0.41728076 0.09655763 0.39794102]
[0.0730369  0.29382608 0.03008119 0.48523323]
[0.02376931 0.4609791  0.02882414 0.50940037]
[0.03325439 0.57677762 0.04034463 0.52901411]
[0.07240579 0.34843585 0.06373008 0.48067534]
[0.0331152  0.33350013 0.0223823  0.55778059]
[0.09102637 0.22544628 0.03373346 0.6129555 ]
[0.05102786 0.33314195 0.03151512 0.43805362]
[0.05139626 0.33721365 0.03410546 0.44727345]
[0.03615972 0.33500661 0.08210324 0.45890596]
[0.01264505 0.42109435 0.01834491 0.50053123]
[0.03992537 0.38273979 0.02293801 0.46876387]
[0.04540531 0.25436799 0.06342421 0.53219641]
[0.0823253  0.21817306 0.2467695  0.38846608]
[0.04833119 0.24804711 0.02981197 0.56436672]
[0.02918908 0.38183906 0.02905822 0.63944846]
[0.06611983 0.37510996 0.01446689 0.23761412]
[0.02990043 0.30563296 0.02976307 0.41301891]
[0.09528616 0.1965675  0.15008158 0.52310762]
[0.05895007 0.19016577 0.34379764 0.45097536]
[0.05714038 0.17323661 0.50453488 0.36659022]
[0.06734708 0.26257723 0.03031671 0.55382266]
[0.05219078 0.37621611 0.03007432 0.54271874]
[0.07624947 0.25072032 0.10457117 0.35150007]
[0.07907384 0.21471501 0.25000726 0.37104602]
[0.03720253 0.36865739 0.03608988 0.43403693]
[0.03741461 0.37515473 0.03421216 0.44606794]
[0.06804253 0.27092343 0.05155241 0.4483738 ]
[0.05403789 0.2120526  0.14950541 0.27591168]
[0.10531746 0.1951324  0.02531545 0.20334253]
[0.02581873 0.42728092 0.03226432 0.34888478]
[0.02722161 0.4245287  0.03476263 0.35012146]
[0.02383487 0.45554578 0.03288777 0.36545452]
[0.34697659 0.11073443 0.09010963 0.45203864]
[0.08668391 0.16859892 0.48352676 0.36347964]
[0.02580772 0.31181425 0.05611341 0.41450647]
[0.05792267 0.19417847 0.14204558 0.52128814]
[0.03501172 0.39531834 0.08078773 0.45525262]
[0.0990408  0.38063809 0.02479094 0.67576494]
[0.10132896 0.3394602  0.14434453 0.47535348]
[0.09917852 0.25298793 0.20323591 0.44195572]
[0.0553258  0.42183706 0.02094969 0.45025643]
[0.05820716 0.36004783 0.06723204 0.45060626]
[0.06584317 0.39268464 0.00630262 0.73321065]
[0.06419517 0.34880193 0.01178448 0.67214862]
[0.00822015 0.54779638 0.07315098 0.53297043]
[0.00716878 0.54964261 0.07273555 0.51910742]
[0.0088273  0.5450152  0.07237275 0.55887054]
[0.05687913 0.24137595 0.11473271 0.43197933]
[0.09671546 0.20636802 0.16043298 0.48737965]
[0.03617464 0.27808972 0.05162601 0.49682715]
[0.08913645 0.25674886 0.09845747 0.47888698]
[0.09390406 0.20540646 0.30815859 0.41424969]
[0.03761006 0.3684388  0.01065856 0.43607859]
[0.03079548 0.28015455 0.04966994 0.6015603 ]
[0.04531236 0.32810105 0.02267818 0.45411419]
[0.04089602 0.28131337 0.03404552 0.54755837]
[0.03090116 0.25937202 0.02277954 0.57839476]
[0.05085761 0.21366943 0.24576625 0.33686381]
[0.05337033 0.21495994 0.26890779 0.35566444]
[0.09694809 0.20041586 0.36808823 0.4005383 ]
[0.0628828  0.35462241 0.05644292 0.46565798]
[0.2268766  0.1979041  0.33141837 0.40817222]
[0.04590555 0.47817716 0.0053541  0.48224567]
[0.06325315 0.35500429 0.04992623 0.47300546]
[0.03956456 0.37724325 0.00665724 0.53236376]
[0.02502641 0.31308633 0.01600607 0.27783945]
[0.04775365 0.26171075 0.05220464 0.42996476]
[0.0725983  0.27186629 0.08004354 0.51789627]
[0.03888012 0.29766075 0.07889534 0.54388818]
[0.07339967 0.27761566 0.09205741 0.51155536]
[0.13100263 0.35207035 0.00072162 0.14420611]
[0.06656919 0.26198202 0.00117292 0.1140071 ]
[0.01391878 0.53844412 0.02789671 0.55240975]
[0.05756088 0.26045184 0.02917334 0.44471279]
[0.01268908 0.44264855 0.09424473 0.42141409]
[0.20051433 0.12788825 0.00772694 0.16820993]
[0.03165189 0.28567741 0.03116405 0.46488961]
[0.0329606  0.36104863 0.0176728  0.48876472]
[0.03255086 0.36072469 0.01777319 0.46193307]
[0.03534979 0.37763831 0.0168359  0.47773297]
[0.03814724 0.37300563 0.01274047 0.65564138]
[0.03309881 0.35605514 0.02302636 0.4400626 ]
[0.06122502 0.23436241 0.16570243 0.45253676]
[0.05520888 0.23263891 0.16700668 0.42719009]
[0.07482164 0.22725432 0.19537628 0.39344149]
[0.07761591 0.3658051  0.05303473 0.49926969]
[0.07050168 0.40968517 0.16235944 0.39890786]
[0.07660613 0.37569727 0.14385772 0.34789222]
[0.05626661 0.26471053 0.08144322 0.46058356]
[0.09771253 0.22850954 0.229759   0.39824939]
[0.03245669 0.31835373 0.00673584 0.67504979]
[0.04496402 0.28643065 0.01382151 0.50567193]
[0.02359368 0.28938303 0.01006716 0.49138066]
[0.27763734 0.12525455 0.00129578 0.07069348]
[0.278164   0.1246833  0.00126647 0.07132511]
[0.27831958 0.1246833  0.00180447 0.0874287 ]
[0.04010566 0.24247157 0.19962377 0.40573372]
[0.03937963 0.2412864  0.20978442 0.38942005]
[0.04390702 0.29435545 0.11038764 0.50055635]
[0.05151783 0.2850822  0.13355873 0.49290599]
[0.05625291 0.28509273 0.12252863 0.49967238]
[0.040908   0.28308849 0.21759872 0.43607965]
[0.18795979 0.21024694 0.25886916 0.36360588]
[0.18883821 0.21127065 0.35219556 0.35539869]
[0.18855739 0.17439912 0.30725138 0.35389646]
[0.02704279 0.28617518 0.05554432 0.51638102]
[0.13541701 0.26130516 0.21523543 0.36174136]
[0.11158556 0.40930065 0.0403637  0.44321787]
[0.10718072 0.43034391 0.04525239 0.44111342]
[0.08364086 0.39096483 0.03727523 0.48132044]
[0.04156725 0.23946652 0.22622143 0.39250128]
[0.10024628 0.31422672 0.05947041 0.47674394]
[0.04154915 0.32681054 0.02933916 0.53161472]
[0.03572699 0.33168815 0.04521776 0.54342784]
[0.0349151  0.34083762 0.06129142 0.47813672]
[0.04139553 0.25424684 0.04355185 0.57464498]
[0.05693857 0.27147387 0.05388504 0.53605559]
[0.11830278 0.16217401 0.38589073 0.3730037 ]
[0.11290185 0.17571623 0.34167287 0.38013637]
[0.1231132  0.16512349 0.39473379 0.37493697]
[0.0564579  0.23522889 0.07288919 0.399749  ]
[0.0903796  0.22424689 0.0963705  0.42296131]
[0.12391016 0.35787239 0.07764607 0.29040001]
[0.12000116 0.27916691 0.05315122 0.34125328]
[0.12707748 0.39901342 0.15109099 0.32641961]
[0.13074798 0.31509847 0.21449041 0.36833838]
[0.09564721 0.23008844 0.22485682 0.37082127]
[0.09563963 0.23078453 0.23025206 0.39405148]
[0.15777414 0.15436325 0.50481403 0.39973079]
[0.03061691 0.23861847 0.00631381 0.48677743]
[0.01335811 0.48447434 0.0104974  0.61688176]
[0.03855086 0.26659626 0.02526643 0.252137  ]
[0.06329889 0.30358657 0.03160736 0.61646762]
[0.13903809 0.16006021 0.16219227 0.24174712]
[0.07349923 0.23304029 0.17335378 0.43576311]
[0.23114519 0.20158601 0.03986482 0.27222223]
[0.23160825 0.20116752 0.04125088 0.27774029]
[0.23143726 0.20145512 0.03251627 0.26076393]
[0.03955013 0.23743857 0.09730657 0.53769511]
[0.03432166 0.27880082 0.12296479 0.40603367]
[0.04264112 0.19681823 0.0644426  0.4831483 ]
[0.23092797 0.20171349 0.03480146 0.26409432]
[0.05197258 0.2565882  0.11627423 0.52283349]
[0.09321913 0.29849826 0.14718822 0.35859229]
[0.14465795 0.12732358 0.02172502 0.1952922 ]
[0.06901709 0.30272535 0.07527205 0.49155361]
[0.02070816 0.34682666 0.02155485 0.60630128]
[0.11016555 0.19487245 0.42863231 0.33697997]
[0.06243392 0.41859497 0.01228258 0.48494074]
[0.06128446 0.2488978  0.06473843 0.57593119]
[0.0468263  0.3191254  0.03444185 0.52139275]
[0.13697914 0.27692826 0.1314494  0.47632506]
[0.06853593 0.24897154 0.00027378 0.09019963]
[0.11220689 0.21362413 0.02841753 0.2221118 ]
[0.02538233 0.38069077 0.03445461 0.6617018 ]
[0.04298188 0.38433581 0.05666083 0.59694356]
[0.0499968  0.3946125  0.02761883 0.48002697]
[0.07789527 0.26075208 0.1895179  0.46100935]
[0.1175929  0.21504659 0.14222043 0.42517743]
[0.0387353  0.29207204 0.01429289 0.58185144]
[0.05582165 0.27680448 0.01683772 0.49521693]
[0.11568487 0.15142984 0.01529809 0.16613306]
[0.15355643 0.2062474  0.02161308 0.28219741]
[0.04838647 0.31871718 0.01963401 0.48217359]
[0.01322651 0.47550132 0.01014685 0.69352343]
[0.01206849 0.46541162 0.00318597 0.61505128]
[0.01354378 0.4645662  0.00998295 0.71251175]
[0.06719933 0.30100291 0.08282645 0.43590251]
[0.03881725 0.27077594 0.01136146 0.56232995]
[0.0271333  0.30999173 0.00990652 0.51130317]
[0.049999   0.28300948 0.06374279 0.48108192]
[0.08762691 0.30220915 0.13343833 0.36893576]
[0.12169294 0.28635164 0.20742893 0.3258131 ]
[0.10585244 0.2065508  0.35305234 0.35398447]
[0.03134759 0.44728123 0.07768466 0.42647826]
[0.03380037 0.32402408 0.02381341 0.47161888]
[0.02554524 0.28634374 0.05493788 0.46062936]
[0.02405332 0.28614095 0.07069481 0.47644278]
[0.06453911 0.21728365 0.0642811  0.52765799]
[0.02826931 0.323658   0.0073367  0.53911841]
[0.04013159 0.25148146 0.09820815 0.48965842]
[0.0824207  0.32229638 0.06599301 0.46706014]
[0.03741877 0.28857448 0.02920498 0.53865988]
[0.0422057  0.28349144 0.04638765 0.43310621]
[0.05437522 0.27976739 0.03540405 0.49193956]
[0.02043517 0.39225798 0.02015734 0.47796473]
[0.0112703  0.32154314 0.00577688 0.59701301]
[0.12557455 0.16217612 0.26450755 0.39419578]
[0.0220768  0.3262838  0.0019019  0.21821999]
[0.18951997 0.20950792 0.02306184 0.17690178]
[0.10493292 0.24215553 0.08499629 0.51181754]
[0.07608387 0.24791543 0.06795522 0.46307235]
[0.01861667 0.28867456 0.04172745 0.58771026]
[0.07611029 0.19221557 0.20345308 0.40116645]
[0.06960809 0.25414149 0.08176989 0.50266661]
[0.06298285 0.35295264 0.01296027 0.51788562]
[0.06327859 0.35436167 0.0207406  0.45258205]
[0.06388867 0.35997145 0.04632511 0.51075865]
[0.06409733 0.25370957 0.05486293 0.50770259]
[0.01636178 0.91641954 0.00507127 0.57122728]
[0.05682067 0.32398721 0.11771297 0.34556816]
[0.03892439 0.2908184  0.00416264 0.6172665 ]
[0.02628839 0.31026037 0.07450901 0.38853246]
[0.02525635 0.44261168 0.0072908  0.85943735]
[0.02532264 0.43228495 0.00653117 0.9237763 ]
[0.04371206 0.28381539 0.02222128 0.48480466]
[0.07707506 0.23008186 0.06625266 0.57651909]
[0.04728398 0.27303039 0.14902492 0.45683081]
[0.08309658 0.27484501 0.06425513 0.42496524]
[0.07989796 0.26888758 0.07973751 0.52480086]
[0.0799278  0.27715476 0.09267408 0.48260352]
[0.16614473 0.18622338 0.26484081 0.40415669]
[0.08575876 0.25730193 0.08821913 0.46114468]
[0.08474409 0.23722261 0.08911507 0.51645264]
[0.08581258 0.24085184 0.10008644 0.49532558]
[0.08496449 0.2477179  0.09151595 0.49736002]
[0.08878029 0.34703998 0.02975402 0.50689095]
[0.03037034 0.27209016 0.09094887 0.47698655]
[0.05127077 0.39696967 0.03471031 0.53721737]
[0.27370975 0.12890565 0.00160853 0.08078607]
[0.26549596 0.16749962 0.08727925 0.31193834]
[0.27541205 0.16328781 0.08471822 0.3000764 ]
[0.07378959 0.23750968 0.14293253 0.37359811]
[0.07454791 0.23342744 0.14674732 0.38790173]
[0.02881261 0.23027543 0.17934009 0.44765673]
[0.03216363 0.23086117 0.22940264 0.45352296]
[0.01448238 0.29494014 0.01656424 0.3655104 ]
[0.07897795 0.23941911 0.17733054 0.41562048]
[0.04072234 0.27065742 0.09450724 0.48403665]
[0.05285076 0.22017519 0.16176835 0.47687079]
[0.0398422  0.2757431  0.0529306  0.44676136]
[0.06271205 0.2352684  0.20956812 0.45086112]
[0.03693442 0.35396135 0.01798281 0.51695056]
[0.06401832 0.21785438 0.12490823 0.49793728]
[0.07249776 0.23799428 0.08669935 0.53101113]
[0.08665064 0.30378937 0.08655822 0.38294262]
[0.08716972 0.30288601 0.09679753 0.3716489 ]
[0.08698504 0.30257787 0.09728929 0.36632593]
[0.07895911 0.2251118  0.33749199 0.3982733 ]
[0.0807096  0.21450668 0.37514617 0.4068619 ]
[0.12813325 0.28070499 0.18561293 0.41554175]
[0.12298453 0.28034154 0.18817027 0.3574118 ]
[0.04697698 0.199148   0.0590533  0.58136704]
[0.06249434 0.28300421 0.05335164 0.43899761]
[0.05295863 0.31163779 0.02341367 0.48330556]
[0.05688304 0.27101034 0.03778897 0.427162  ]
[0.04955159 0.2415287  0.29336285 0.44413689]
[0.01368346 0.27444995 0.09002876 0.40873021]
[0.08917241 0.56245819 0.01829844 0.27887529]
[0.05141265 0.3589206  0.01226749 0.47100163]
[0.04785908 0.39106754 0.04085291 0.48007811]
[0.27808206 0.12478496 0.00173863 0.08708048]
[0.06019322 0.24297461 0.13161956 0.47020573]
[0.04637253 0.24838686 0.10684393 0.4509968 ]
[0.04965139 0.25094945 0.12443042 0.45719784]
[0.05632996 0.24615875 0.12638974 0.41722717]
[0.04685614 0.25240062 0.07013398 0.45533796]
[0.03677347 0.30747391 0.0746141  0.51173991]
[0.0646756  0.31111895 0.0262998  0.54916833]
[0.12589891 0.25973284 0.0636536  0.35621789]
[0.07030085 0.21207393 0.25676102 0.34599522]
[0.06591509 0.21408634 0.23413435 0.33541726]
[0.07529522 0.20178117 0.18226735 0.39269118]
[0.07652271 0.18436557 0.20203633 0.39225545]
[0.0289946  0.29605156 0.15961059 0.41910985]
[0.06412766 0.35431953 0.02483771 0.61439252]
[0.0786257  0.20718895 0.0871438  0.44367776]
[0.14751583 0.17308464 0.3928135  0.29631008]
[0.0202221  0.2712342  0.06754364 0.44467289]
[0.05118026 0.27280916 0.05005154 0.55886202]
[0.05866362 0.41322486 0.03240649 0.66547558]
[0.01261448 0.37623191 0.00848679 0.58008265]
[0.10116384 0.3155304  0.13503169 0.47468907]
[0.08214967 0.25581653 0.21219879 0.43139133]
[0.04141803 0.25771279 0.16486462 0.46428386]
[0.05453544 0.38938988 0.0156032  0.44248143]
[0.09235685 0.17145412 0.18271113 0.47781639]
[0.08366287 0.24456536 0.06566367 0.53212469]
[0.03731896 0.42338041 0.01879049 0.75689888]
[0.06399336 0.36244713 0.07270659 0.50978949]
[0.0147292  0.47407913 0.00921424 0.51044377]
[0.0197495  0.33686864 0.00092959 0.48757454]
[0.19485216 0.17764015 0.12501344 0.35848491]
[0.19450749 0.17764015 0.18811105 0.38482121]
[0.02172675 0.24148393 0.06175484 0.4297625 ]
[0.02507533 0.23471006 0.06664187 0.48838008]
[0.06842169 0.32720032 0.06705995 0.44945286]
[0.0410741  0.31303102 0.02141921 0.50998807]
[0.07210319 0.32252287 0.06909349 0.54168996]
[0.27103558 0.10618735 0.00181941 0.1273857 ]
[0.27490618 0.12604229 0.00162972 0.08104396]
[0.27446733 0.12604229 0.00208294 0.10002183]
[0.02517465 0.4389403  0.05999302 0.51336657]
[0.11385391 0.20946947 0.30889447 0.4381547 ]
[0.07762521 0.21418037 0.04039532 0.23104968]
[0.03925267 0.31590439 0.02727437 0.29190542]
[0.09172574 0.29411579 0.17053668 0.31496172]
[0.07911028 0.21768582 0.13896742 0.4835064 ]
[0.08472892 0.22324003 0.08133784 0.4890229 ]
[0.16409459 0.3893372  0.0454375  0.60506037]
[0.09077075 0.53392205 0.01404135 0.74575799]
[0.07361127 0.22621479 0.07634251 0.55924076]
[0.09910416 0.22718505 0.21088152 0.44763272]
[0.07704717 0.22093344 0.22815898 0.38657896]
[0.07035735 0.3054486  0.11722193 0.4312548 ]
[0.16244708 0.19426486 0.41470305 0.33702506]
[0.04319347 0.29129246 0.0703289  0.52106692]
[0.00155161 0.31795867 0.01394969 0.63380042]
[0.02705796 0.35276301 0.024868   0.44660218]
[0.03074729 0.31180372 0.00923124 0.60430093]
[0.08267657 0.25253757 0.04693054 0.51468864]
[0.0756526  0.24902421 0.06671813 0.49100515]
[0.0268312  0.41919809 0.06495924 0.41896217]
[0.02688502 0.43157385 0.07916169 0.44840053]
[0.03112205 0.36530469 0.04593328 0.48670883]
[0.02966657 0.37937392 0.04529813 0.44525661]
[0.0283811  0.3943307  0.04246866 0.4422066 ]
[0.02736618 0.40837095 0.0511724  0.4315608 ]
[0.02740825 0.41335655 0.04060316 0.44925832]
[0.04100732 0.25820793 0.052501   0.45859809]
[0.01588233 0.34296302 0.00771334 0.52854196]
[0.06115799 0.36780671 0.02664029 0.38567537]
[0.03698261 0.34069277 0.01756056 0.43979937]
[0.09155548 0.36506503 0.04049087 0.38943367]
[0.08507677 0.38691947 0.02651896 0.40551093]
[0.11229055 0.36830711 0.0520291  0.32632882]
[0.1220951  0.32344994 0.05112048 0.31367279]
[0.03295326 0.39395935 0.05454796 0.34663941]
[0.06378911 0.30458738 0.05661611 0.52323977]
[0.03244446 0.39393828 0.0503905  0.35472353]
[0.02469373 0.39342471 0.04036669 0.34206679]
[0.07051342 0.35055071 0.06571883 0.47943609]
[0.0264995  0.35137769 0.04605605 0.47611776]
[0.14491382 0.17857248 0.39865272 0.30954125]
[0.06290922 0.31949149 0.03001716 0.54280635]
[0.05060859 0.32976291 0.03359377 0.45890263]
[0.01125807 0.36670055 0.03287666 0.48915904]
[0.05011397 0.32641021 0.04096219 0.45981994]
[0.04408021 0.34577318 0.28320411 0.40610262]
[0.03034221 0.35184122 0.03868107 0.46308006]
[0.09952613 0.27513998 0.06883756 0.43680328]
[0.04059318 0.29898023 0.14502356 0.44913132]
[0.17800065 0.213981   0.04939898 0.23348188]
[0.17762393 0.14116446 0.27343732 0.43459623]
[0.18877339 0.12948585 0.19075758 0.41404456]
[0.02793321 0.28805038 0.01181136 0.51581708]
[0.00820303 0.41983281 0.00476739 0.56363432]
[0.17583871 0.16455725 0.13023172 0.49804244]
[0.02619372 0.28784495 0.02526523 0.44907649]
[0.02034417 0.29221952 0.01559476 0.51214034]
[0.02433781 0.28797663 0.02654285 0.47327661]
[0.02607117 0.2863016  0.02027129 0.51300826]
[0.03213575 0.28765006 0.03882689 0.51717551]
[0.03489602 0.32031583 0.01088893 0.50690795]
[0.03211349 0.28778437 0.00608353 0.585991  ]
[0.02196109 0.28979652 0.01180709 0.57747694]
[0.08949335 0.43748387 0.05822265 0.55382871]
[0.08625436 0.45453181 0.0514635  0.53826636]
[0.06948089 0.423599   0.05962428 0.35943051]
[0.16459654 0.28236685 0.04168432 0.42581471]
[0.25359063 0.19830416 0.07858959 0.33384906]
[0.23249328 0.20006953 0.03469612 0.26207702]
[0.23273741 0.19963971 0.0503727  0.27951696]
[0.07109879 0.26824496 0.08653436 0.44658195]
[0.02854402 0.28448435 0.04121041 0.53307145]
[0.12223233 0.20252677 0.3461655  0.44057051]
[0.04398041 0.22361744 0.20227245 0.44938472]
[0.23127459 0.2018744  0.04406536 0.27869382]
[0.23067039 0.20324814 0.04029407 0.27093542]
[0.22525429 0.21172181 0.04383846 0.29272548]
[0.22940473 0.20523922 0.05147734 0.28034963]
[0.23077753 0.20204691 0.02946342 0.26701965]
[0.23240742 0.19980274 0.02689378 0.26780688]
[0.23177435 0.20111511 0.03393463 0.26867355]
[0.13198452 0.16210475 0.02620232 0.22029332]
[0.0770073  0.27495826 0.12016178 0.45921015]
[0.07691141 0.35586815 0.03365089 0.46178059]
[0.02977273 0.23075292 0.12160989 0.38522829]
[0.09688376 0.23146007 0.22069118 0.39935337]
[0.16496078 0.09168251 0.00640053 0.12924967]
[0.21084921 0.09190532 0.00627268 0.12824152]
[0.07474042 0.23045768 0.13235211 0.51337041]
[0.02039994 0.44007806 0.03627409 0.49636736]
[0.09154325 0.26840298 0.15970638 0.34830793]
[0.0961274  0.25020675 0.11918508 0.37437046]
[0.09904912 0.24789699 0.13065212 0.3968841 ]
[0.03281579 0.31888837 0.03265676 0.45709621]
[0.09928395 0.26395466 0.09781427 0.37062925]
[0.06817927 0.24191322 0.10644417 0.40680284]
[0.0290264  0.32090051 0.10469071 0.41533652]
[0.02735811 0.33509879 0.1119148  0.42884847]
[0.04750169 0.21454013 0.03534473 0.68141243]
[0.08537325 0.18592235 0.12136801 0.49964953]
[0.02160151 0.2721876  0.06861096 0.47016961]
[0.03620032 0.33045821 0.00066405 0.46592383]
[0.1263221  0.25083357 0.27611864 0.40082257]
[0.08902882 0.29626489 0.20117738 0.43222935]
[0.07621914 0.27945135 0.21237729 0.39461542]
[0.13078761 0.2647474  0.23253931 0.40944889]
[0.14870932 0.24716746 0.24651889 0.38331268]
[0.07377418 0.21611903 0.08762183 0.54672746]
[0.09125778 0.25792349 0.08670159 0.47795757]
[0.0316333  0.26070994 0.02265676 0.54691403]
[0.05229914 0.23653521 0.03958361 0.53846882]
[0.04087425 0.25512123 0.02340028 0.54433904]
[0.04092537 0.25673832 0.02968908 0.48018262]
[0.03552273 0.31859603 0.00297345 0.49499506]
[0.10031306 0.19295433 0.33403077 0.4019041 ]
[0.06256577 0.19092164 0.19406851 0.47347831]
[0.04235174 0.37580262 0.02106321 0.49291224]
[0.10029887 0.23223148 0.28523865 0.47564455]
[0.07431454 0.25868726 0.01027033 0.2003472 ]
[0.02514969 0.27880346 0.07103833 0.51232993]
[0.03055356 0.39735419 0.03056607 0.33583337]
[0.03816681 0.32207514 0.0554208  0.46900627]
[0.03816681 0.32207514 0.0679055  0.47699033]
[0.04409391 0.34145654 0.04656984 0.54038731]
[0.06567903 0.28989397 0.02464583 0.43403229]
[0.09288278 0.23048586 0.31111179 0.35628553]
[0.07577736 0.24890306 0.07449225 0.52005166]
[0.04978153 0.3093175  0.04013105 0.5634938 ]
[0.06056406 0.25193182 0.18714677 0.40720417]
[0.08795813 0.1562898  0.43551454 0.35017931]
[0.02282484 0.25434429 0.07038862 0.44618738]
[0.04069567 0.29975191 0.04626922 0.47697399]
[0.0406898  0.29647295 0.03800741 0.52257031]
[0.04233095 0.27027817 0.05169023 0.47485642]
[0.02971182 0.24174467 0.03500428 0.47086681]
[0.01412426 0.24228458 0.11078886 0.44658553]
[0.01208341 0.2357214  0.12455779 0.43076318]
[0.0967842  0.32455346 0.09389628 0.36802053]
[0.05326881 0.25313542 0.075997   0.42795291]
[0.01701516 0.36735898 0.04090864 0.40582632]
[0.01571208 0.44878771 0.06141641 0.37986149]
[0.02808218 0.42537938 0.07882743 0.38881874]
[0.01252152 0.26889811 0.04296544 0.53613941]
[0.16948451 0.22256686 0.29214461 0.3780753 ]
[0.03703007 0.29098432 0.03321226 0.58529688]
[0.02342807 0.31036045 0.02801875 0.55238852]
[0.03165801 0.26517143 0.06154066 0.31832494]
[0.0259902  0.41918492 0.0303706  0.623532  ]
[0.05388133 0.26575874 0.10120665 0.38549849]
[0.02627445 1.         0.0027345  0.78125299]
[0.08942021 0.31506424 0.09149421 0.59406413]
[0.02073825 0.34464859 0.02030922 0.35307922]
[0.08747207 0.33020274 0.07975326 0.42129465]
[0.04659562 0.26637766 0.08154156 0.31688278]
[0.08292975 0.22889169 0.17611412 0.45629783]
[0.07022086 0.38882363 0.07700911 0.50514864]
[0.05276759 0.27484501 0.08151114 0.51559974]
[0.02587352 0.36562074 0.00851204 0.28875993]
[0.08386297 0.28429999 0.16305005 0.48960284]
[0.09835098 0.27460534 0.15987606 0.45159524]
[0.04964699 0.45465296 0.00904275 0.61513213]
[0.14641994 0.17688165 0.20472153 0.29884345]
[0.075737   0.29141888 0.00191118 0.13620611]
[0.07490872 0.29712347 0.00215626 0.14463962]
[0.04818197 0.31373422 0.00713811 0.24444881]
[0.070453   0.30528004 0.00256791 0.17280095]
[0.07445422 0.29970713 0.00210674 0.14988648]
[0.12113252 0.28497685 0.15378295 0.32037412]
[0.17449869 0.15852265 0.01381409 0.16759   ]
[0.05045692 0.37559983 0.03075601 0.42299913]
[0.04623799 0.27158712 0.09991994 0.54158016]
[0.03879646 0.4060928  0.0148286  0.67329981]
[0.24335458 0.14944166 0.04204387 0.26007339]
[0.10493341 0.19540656 0.26607102 0.3879212 ]
[0.01848947 0.3500424  0.04187574 0.56099639]
[0.04965873 0.29451611 0.14988146 0.43006382]
[0.10294785 0.20115751 0.2856643  0.42278467]
[0.034363   0.31813776 0.00701257 0.46155115]
[0.1121587  0.2870285  0.19911513 0.40304343]
[4.10300680e-02 3.07221078e-01 2.94231018e-04 4.21811483e-01]
[0.07332506 0.27776051 0.08917338 0.38302327]
[0.08859829 0.2400828  0.08673766 0.48078343]
[0.1668233  0.14628754 0.02075933 0.22183696]
[0.01229231 0.38168894 0.0221031  0.51851231]
[0.15161318 0.19744004 0.26465236 0.49535357]
[0.04147894 0.25966436 0.04714033 0.49823865]
[0.07359072 0.30095024 0.04085183 0.47900944]
[0.07199385 0.29842452 0.0286758  0.50977915]
[0.06591509 0.21408634 0.23385724 0.33481549]
[0.11577807 0.2011907  0.06259178 0.29334985]
[0.14627904 0.17060185 0.05672829 0.2551743 ]
[0.03199656 0.37837574 0.07185818 0.47158121]
[0.22153169 0.17986879 0.02959947 0.26819847]
[0.08748259 0.17563222 0.43590407 0.35365759]
[0.03856334 0.22484027 0.28865001 0.41310914]
[0.03414137 0.23271924 0.01937092 0.49577477]
[0.03011545 0.22040933 0.11228448 0.55610672]
[0.05594175 0.30888558 0.03507864 0.45573223]
[0.19469266 0.2905919  0.20391807 0.4764219 ]
[0.05009342 0.28757368 0.00515349 0.48891134]
[0.13815111 0.18709276 0.18998791 0.28256187]
[0.13765502 0.19769946 0.24359574 0.39077037]
[0.19929467 0.27982797 0.17442697 0.32199039]
[0.01080014 0.31343134 0.10114587 0.42719947]
[0.21026457 0.20776731 0.00627459 0.18375518]
[0.44020942 0.01308448 0.03707873 0.33156116]
[0.43923095 0.0103162  0.00098012 0.02720464]
[0.30705807 0.05121229 0.00876634 0.14797878]
[0.50618077 0.00626821 0.00104919 0.01740922]
[0.23776138 0.0431163  0.00179227 0.04779207]
[0.53641241 0.09165802 0.00514202 0.16011733]
[0.50346428 0.10701512 0.0339192  0.22984523]
[0.69944755 0.08488678 0.00437509 0.14854621]
[0.8677031  0.06307448 0.00863865 0.15950436]
[0.58325705 0.10827403 0.03943368 0.21433897]
[0.19132011 0.14878297 0.00423335 0.12230861]
[0.19132011 0.14878297 0.00528424 0.13332593]
[0.62509167 0.09584824 0.00254308 0.12867604]
[0.69758552 0.12436067 0.00219304 0.15072828]
[0.16205741 0.20438037 0.00642676 0.16768805]
[0.75187243 0.07500514 0.0066588  0.17324062]
[0.25922786 0.16933373 0.00772354 0.16632493]
[0.62698844 0.08137606 0.00166659 0.0904846 ]
[0.32170557 0.13704457 0.00348745 0.12238522]
[0.64230424 0.10171875 0.01156835 0.21249124]
[0.48261058 0.12933573 0.09680484 0.30828561]
[0.23286241 0.07590059 0.05356813 0.20453725]
[0.22907327 0.09334095 0.07723817 0.2350236 ]
[0.14098917 0.20732485 0.25013214 0.31093353]
[0.00529574 0.20466218 0.07164086 0.59789032]
[0.32199666 0.10448677 0.00161907 0.1057248 ]
[0.30175988 0.11064173 0.00238301 0.12251566]
[0.13712591 0.09798417 0.03544622 0.2773716 ]
[0.14315428 0.10812654 0.01650282 0.17273962]
[0.46857462 0.         0.00049878 0.        ]
[0.0416196  0.1976697  0.04742932 0.33502481]
[0.01164334 0.20883132 0.14666281 0.56417188]
[0.67953734 0.08708592 0.00509321 0.1555375 ]
[0.1296675  0.08018299 1.         0.33522015]
[0.1453627  0.07180519 0.16200528 0.26929499]
[0.36834571 0.01584961 0.00127371 0.03290786]
[0.58017437 0.01432206 0.00251106 0.06457016]
[0.11361834 0.20136478 0.0003113  0.0976488 ]
[0.16589033 0.17783531 0.00593136 0.24305562]
[0.21990571 0.16352115 0.00921314 0.22851121]
[0.26831225 0.16360806 0.02152584 0.22379686]
[0.1498945  0.10691768 0.07157022 0.23342998]
[0.13737444 0.11304366 0.00974724 0.16345534]
[0.11525043 0.15422682 0.00353172 0.12925285]
[0.40890513 0.06470474 0.03294904 0.28676982]
[0.32888438 0.11693627 0.02604293 0.24434193]
[0.05490115 0.14508262 0.00938469 0.20976747]
[0.70344217 0.06103072 0.00185573 0.10474506]
[0.24170976 0.08507904 0.00732777 0.20506044]
[0.48720549 0.12322291 0.0109065  0.19194643]
[0.1322947  0.23175504 0.2430365  0.35315765]
[0.56893588 0.04360353 0.05466743 0.29361808]
[0.31314148 0.15326816 0.01586497 0.19542405]
[0.53684636 0.10369403 0.08736905 0.25163641]
[0.32733766 0.10678599 0.00246799 0.11770296]
[0.16205716 0.20791216 0.01548743 0.18480438]
[0.20402094 0.08556627 0.10969    0.28922103]
[0.42733957 0.11536395 0.00221915 0.1356108 ]
[0.29959966 0.12014148 0.00176507 0.09939444]
[0.23938026 0.16912303 0.         0.07075299]
[0.54581138 0.10058099 0.01114544 0.20098811]
[0.53270669 0.05080934 0.06933973 0.31575132]
[0.49488797 0.04544712 0.03470665 0.30682211]
[0.45898216 0.04941084 0.03764589 0.31604633]
[0.40842128 0.14086607 0.00206076 0.12561383]
[0.36927183 0.15898855 0.02194064 0.22338842]
[0.12720322 0.23791    0.15410148 0.27140423]
[0.17744659 0.20777257 0.00592265 0.15550643]
[0.02796623 0.20777257 0.26155893 0.37598244]
[0.07336029 0.24118369 0.08679158 0.31807795]
[0.40020553 0.06358278 0.01882455 0.2876441 ]
[0.2241743  0.10596954 0.04378491 0.29158812]
[0.37428627 0.07425453 0.31706427 0.34394342]
[0.38280877 0.14190901 0.01305632 0.20308909]
[0.45241636 0.1312794  0.00850907 0.1901328 ]
[0.3033159  0.1552724  0.00491901 0.15621241]
[0.46736792 0.10715998 0.00677145 0.17292503]
[0.62683555 0.09538207 0.00346278 0.13764842]
[0.74949719 0.07459691 0.00179896 0.10785463]
[0.57807995 0.11754729 0.00466525 0.17977117]
[0.6912729  0.10729877 0.00295136 0.13918869]
[0.60856159 0.11347822 0.00304544 0.14127998]
[0.62536051 0.08285619 0.00245675 0.11055642]
[0.63288448 0.07966678 0.00169443 0.0938215 ]
[0.69818141 0.07374886 0.00123005 0.0802526 ]
[0.37933078 0.06211318 0.03297661 0.29313176]
[0.36026181 0.06191565 0.03255047 0.29617158]
[0.46433294 0.0150674  0.01593445 0.20655662]
[0.30313855 0.01902321 0.01579988 0.19865084]
[0.52224559 0.01899161 0.37369182 0.33879168]
[0.30454682 0.02448814 0.28829694 0.30872613]
[0.33887434 0.06842089 0.03340171 0.30844751]
[0.5352583  0.09929838 0.00436435 0.15084767]
[0.50789505 0.10394423 0.00666463 0.18289274]
[0.47871919 0.10557976 0.00718379 0.17579795]
[0.49902202 0.10593531 0.00828467 0.14217428]
[0.42089657 0.13145849 0.00268537 0.13331337]
[0.38194502 0.13594631 0.00176081 0.11794274]
[0.04469518 0.24593488 0.08836855 0.3824798 ]
[0.57807995 0.11754729 0.00523508 0.17971306]
[0.6912729  0.10729877 0.00279105 0.13965372]
[0.60856159 0.11347822 0.00314726 0.14819037]
[0.98229355 0.06844986 0.00326901 0.14739749]
[1.         0.06525781 0.00356829 0.14254419]
[0.16667017 0.21516537 0.02839491 0.26801433]
[0.16667017 0.21516537 0.04201908 0.30344083]
[0.16667017 0.21516537 0.10931072 0.38098882]
[0.16667017 0.21516537 0.01085807 0.24147305]
[0.39505264 0.10530849 0.00290528 0.11819911]
[0.40404457 0.05561584 0.03400181 0.3149935 ]
[0.15008897 0.16617329 0.00943012 0.17262972]
[0.1172563  0.29952277 0.04589228 0.56323011]
[0.33486407 0.09652246 0.00137523 0.09554298]
[0.29626649 0.10500034 0.00278383 0.12551311]
[0.17296078 0.18185697 0.00552329 0.16568558]
[0.29169384 0.07183943 0.03117918 0.29955286]
[0.17494316 0.07889511 0.0353839  0.29249004]
[0.32806075 0.11006231 0.00320553 0.123259  ]
[0.09355719 0.14769788 0.01370479 0.18690727]
[0.28049375 0.12320711 0.02028281 0.17668777]
[0.32934328 0.11224828 0.04105628 0.30794591]
[0.39907025 0.13913573 0.01606355 0.21841205]
[0.427081   0.05479939 0.00270434 0.09278622]
[0.17977437 0.05900804 0.00305086 0.06879173]
[0.09082065 0.2276175  0.00513582 0.18408105]
[0.29623665 0.13086591 0.00131337 0.10264085]
[0.11214231 0.16176184 0.00398024 0.1414097 ]
[0.02251393 0.23106765 0.02639653 0.32224122]
[0.54791852 0.08225571 0.00191465 0.09892265]
[0.41972876 0.09048076 0.00248619 0.10816205]
[0.45416074 0.07170774 0.00166547 0.10085325]
[0.27741278 0.16960236 0.00891199 0.19380001]
[0.40143498 0.12908553 0.008984   0.18358096]
[0.52474607 0.11062856 0.01250298 0.19861341]
[0.51851442 0.10521631 0.00662667 0.18437021]
[0.39673293 0.13404742 0.00899125 0.18830388]
[0.44549562 0.11297255 0.01106148 0.19493677]
[0.46377057 0.11131332 0.01642301 0.19971063]
[0.52249192 0.12253025 0.00655827 0.17957824]
[0.46923118 0.12928305 0.00910172 0.18899745]
[0.15982722 0.21109367 0.11418961 0.22807018]
[0.36125594 0.12107381 0.00130565 0.08502752]
[0.03912669 0.2458032  0.11827328 0.45136086]
[0.03730722 0.22708286 0.19243596 0.49536472]
[0.0587874  0.24624566 0.08690093 0.40524911]
[0.68457819 0.00796167 0.07854359 0.35845909]
[0.39993253 0.01405184 0.08051933 0.32313789]
[0.13652611 0.09837132 0.03172338 0.27037354]
[0.36556905 0.12247231 0.00186439 0.09531455]
[0.51579598 0.08906646 0.00451868 0.15164766]
[0.22572102 0.16260462 0.0060807  0.23823662]
[9.07737814e-01 5.13518781e-02 7.61798419e-04 5.45532192e-02]
[0.67192824 0.07063056 0.00128667 0.07352191]
[0.16205716 0.20791216 0.05163424 0.20348492]
[0.32370923 0.15091363 0.09044709 0.32741888]
[0.22543311 0.12642022 0.00258855 0.14477328]
[0.36211333 0.05857612 0.03492206 0.29649705]
[0.91440268 0.04413291 0.0189514  0.20978875]
[0.32048223 0.17755087 0.00682387 0.18015399]
[0.24475061 0.13547752 0.00318831 0.11942565]
[0.43449    0.09526355 0.00222217 0.09487095]
[0.58947672 0.07532908 0.00252007 0.09762368]
[0.34601328 0.12347838 0.00428396 0.14207865]
[0.45400883 0.1319826  0.04609558 0.27234262]
[0.48903058 0.0510569  0.12619418 0.30173741]
[0.48710054 0.09513977 0.0028686  0.11981947]
[0.65716357 0.07302196 0.0009338  0.06483657]
[0.33661065 0.04194957 0.00128737 0.04917244]
[0.1091088  0.11606188 0.03196531 0.1575313 ]
[0.55845178 0.00334743 0.00105789 0.02513332]
[0.23516965 0.03727475 0.00108028 0.03894906]
[0.62533751 0.10716788 0.00384585 0.14419547]
[0.44618667 0.07220288 0.02959187 0.30229439]
[0.40867593 0.06470474 0.03248128 0.27144297]
[0.25226945 0.10053622 0.05693425 0.30795645]
[0.24380492 0.19831496 0.00110014 0.11167497]
[0.36484571 0.11156616 0.00726715 0.16729777]
[0.33809621 0.13827451 0.23612051 0.40737354]
[0.48264531 0.09248763 0.00472724 0.13996976]
[0.46917859 0.09357272 0.00452279 0.14116669]
[0.43333149 0.05184965 0.03911333 0.28732166]
[0.52973017 0.08275875 0.00685188 0.16816126]
[0.67861146 0.07349866 0.00691404 0.18349739]
[0.57895373 0.07318262 0.00721244 0.16945452]
[0.38662603 0.10175826 0.00875236 0.17603934]
[0.22695512 0.13241452 0.00305075 0.12999725]
[0.50618077 0.00626821 0.00093458 0.01396575]
[0.7292538  0.0865144  0.00625222 0.17012408]
[0.84524641 0.07294032 0.00448352 0.15393591]
[0.40351057 0.05184965 0.0416165  0.2819309 ]
[0.78578264 0.07931387 0.00618354 0.16835821]
[0.27370535 0.19878639 0.24130608 0.3579308 ]
[0.20942627 0.1665262  0.03928374 0.2168903 ]
[0.20200308 0.15804569 0.00356435 0.13735922]
[0.53754621 0.06398047 0.00222148 0.11018005]
[0.22542968 0.1634079  0.01144119 0.15369593]
[0.09194149 0.13447144 0.11150345 0.29892945]
[0.0869887  0.11795288 0.06740795 0.24685604]
[0.08352687 0.17025552 0.13759108 0.28610531]
[0.2283722  0.12023893 0.08787869 0.24311201]
[0.14823011 0.18524654 0.02807799 0.24509597]
[0.65742189 0.12351789 0.0009103  0.09165168]
[0.82444847 0.10031762 0.00139084 0.10907103]
[8.90755680e-01 8.81815357e-02 8.68528474e-04 7.44841591e-02]
[0.10868537 0.24665125 0.19497886 0.32265904]
[0.27323935 0.17115098 0.00084288 0.08516809]
[0.21942553 0.21094355 0.00180739 0.11047123]
[0.51671232 0.09312762 0.00334348 0.12343266]
[0.69793068 0.06458885 0.00092244 0.06478422]
[0.20180298 0.17228347 0.01049802 0.18551454]
[0.38027868 0.11113686 0.00116769 0.07771241]
[0.42568472 0.1516616  0.00361619 0.17119482]
[0.37418181 0.11116583 0.0016994  0.08967846]
[0.31681051 0.14305994 0.00497925 0.14444549]
[0.60244687 0.03660843 0.00641429 0.11755795]
[0.22858795 0.10812128 0.00354487 0.13309079]
[0.4202427  0.09922727 0.00475773 0.16414547]
[0.49569888 0.09019368 0.00221424 0.10170715]
[0.79677921 0.07267695 0.00485739 0.15727492]
[0.74893212 0.073338   0.00276437 0.12407019]
[0.20381105 0.21201547 0.00350818 0.1912743 ]
[0.5365379  0.11577481 0.06965534 0.32453199]
[8.02717073e-01 8.50395318e-02 4.56281811e-04 6.16074104e-02]
[0.59408582 0.1226988  0.00153504 0.10931878]
[0.61087886 0.10752079 0.01841387 0.23230305]
[0.43700346 0.16279425 0.00303204 0.14335896]
[0.91739388 0.07100981 0.00970222 0.17300275]
[0.40106976 0.08820261 0.00839326 0.20782426]
[0.45946822 0.11540082 0.00658477 0.17321192]
[0.58135612 0.07917692 0.00108888 0.07490395]
[0.65603833 0.07760723 0.00233954 0.10242175]
[0.67047325 0.06816015 0.0012414  0.07423696]
[0.43992224 0.13450305 0.00977045 0.21066611]
[0.43795673 0.14143494 0.00783608 0.18599349]
[0.45107463 0.12638862 0.00326576 0.16580971]
[0.35023466 0.16784569 0.00461618 0.1912047 ]
[0.43228037 0.15595717 0.01386292 0.23359491]
[0.40410499 0.11311214 0.00349226 0.16419793]
[0.46765388 0.12610681 0.00944445 0.19076211]
[0.45065218 0.14896206 0.00068199 0.08157835]
[0.45687771 0.10911682 0.00339454 0.13594127]
[0.57433264 0.08101787 0.13946446 0.2929003 ]
[0.46765388 0.12610681 0.01017523 0.18881487]
[0.28960969 0.18678462 0.14751126 0.33238334]
[0.3033159  0.1552724  0.00465079 0.15519917]
[0.24529269 0.17474071 0.02381498 0.24550099]
[0.27300843 0.23767033 0.08729549 0.37576485]
[0.18854296 0.22248442 0.08418522 0.30543881]
[0.30207373 0.1492544  0.00432415 0.14658767]
[0.30759354 0.17117468 0.00907086 0.20827336]
[0.21449427 0.21695102 0.01825453 0.23670746]
[0.44315389 0.10988586 0.00313426 0.14945711]
[0.73803242 0.06768872 0.00233058 0.12510759]
[0.68620392 0.07843948 0.0044896  0.1540734 ]
[0.21108453 0.1780223  0.00935494 0.17430394]
[0.55214528 0.12088945 0.00664664 0.17672656]
[0.36249224 0.07831833 0.00156598 0.0876714 ]
[0.26429317 0.13496658 0.00521902 0.13477626]
[0.34482224 0.07226345 0.03476923 0.30838119]
[0.36159792 0.1188615  0.00116313 0.07833597]
[0.62361662 0.09260878 0.00502095 0.14390843]
[0.37438142 0.06512876 0.04285937 0.29515904]
[0.32380097 0.1741455  0.00286837 0.14596507]
[0.56306846 0.1130542  0.0063798  0.17867723]
[0.57293832 0.13010213 0.00574996 0.18097027]
[0.69715377 0.08260073 0.00203308 0.12062425]
[0.3617442  0.17489347 0.01989675 0.22997359]
